GSO4Emissions
         510 2005-03-16_00:00:00, SAT
  47145   3  2.8138E+01  2.8138E+01  2.8138E+01  2.8138E+01  2.8138E+01  2.6573E+01  2.6573E+01  2.6573E+01  2.6573E+01  2.6573E+01  2.6573E+01  2.6573E+01  2.8138E+01  7.1886E+04  7.1886E+04  7.1886E+04  7.1886E+04  7.1886E+04  7.1886E+04  7.1886E+04  7.1886E+04  2.8138E+01  2.8138E+01  2.8138E+01
  46441   2  8.9907E+03  8.9907E+03  8.9907E+03  8.9907E+03  8.9907E+03  8.9907E+03  8.9907E+03  8.9907E+03  8.9907E+03  8.9907E+03  8.9907E+03  8.9907E+03  8.9907E+03  8.9907E+03  8.9907E+03  8.9907E+03  8.9907E+03  8.9907E+03  8.9907E+03  8.9907E+03  8.9907E+03  8.9907E+03  8.9907E+03  8.9907E+03
  76270   3  5.9048E+02  5.9048E+02  5.9048E+02  5.9048E+02  5.9048E+02  5.9048E+02  5.9048E+02  5.9048E+02  5.9048E+02  5.9048E+02  5.9048E+02  5.9048E+02  5.9048E+02  5.9048E+02  5.9048E+02  5.9048E+02  5.9048E+02  5.9048E+02  5.9048E+02  5.9048E+02  5.9048E+02  5.9048E+02  5.9048E+02  5.9048E+02
  79107   2  7.3792E+03  7.3792E+03  7.3792E+03  7.3792E+03  7.3792E+03  7.3792E+03  7.3792E+03  7.3792E+03  7.3792E+03  7.3792E+03  7.3792E+03  7.3792E+03  7.3792E+03  7.3792E+03  7.3792E+03  8.5403E+03  8.5403E+03  8.5403E+03  8.5403E+03  8.5403E+03  8.5403E+03  8.5403E+03  8.5403E+03  7.3792E+03
  79108   2  2.3722E+00  2.3722E+00  2.3722E+00  2.3722E+00  2.3722E+00  2.3722E+00  2.3722E+00  2.3722E+00  2.3722E+00  2.3722E+00  2.3722E+00  2.3722E+00  2.3722E+00  2.3722E+00  2.3722E+00  2.3722E+00  2.3722E+00  2.3722E+00  2.3722E+00  2.3722E+00  2.3722E+00  2.3722E+00  2.3722E+00  2.3722E+00
  72399   3  3.0878E+01  3.0878E+01  3.0878E+01  3.0878E+01  3.0878E+01  3.0878E+01  3.0878E+01  3.0878E+01  3.0878E+01  3.0878E+01  3.0878E+01  3.0878E+01  3.0878E+01  3.0878E+01  3.0878E+01  3.0878E+01  3.0878E+01  3.0878E+01  3.0878E+01  3.0878E+01  3.0878E+01  3.0878E+01  3.0878E+01  3.0878E+01
  79106   3  4.7950E+02  4.7950E+02  4.7950E+02  4.7950E+02  4.7950E+02  4.7950E+02  4.7950E+02  4.7950E+02  4.7950E+02  4.7950E+02  4.7950E+02  4.7950E+02  4.7950E+02  4.7950E+02  4.7950E+02  4.7950E+02  4.7950E+02  4.7950E+02  4.7950E+02  4.7950E+02  4.7950E+02  4.7950E+02  4.7950E+02  4.7950E+02
  78754   3  1.8900E+00  1.8900E+00  1.8900E+00  1.8900E+00  1.8900E+00  1.8900E+00  1.8900E+00  1.8900E+00  1.8900E+00  1.8900E+00  1.8900E+00  1.8900E+00  1.8900E+00  1.8900E+00  1.8900E+00  1.8900E+00  1.8900E+00  1.8900E+00  1.8900E+00  1.8900E+00  1.8900E+00  1.8900E+00  1.8900E+00  1.8900E+00
  78755   3  6.0846E+03  6.0846E+03  6.0846E+03  6.0846E+03  6.0846E+03  6.0846E+03  6.0846E+03  6.0846E+03  6.0846E+03  6.0846E+03  6.0846E+03  6.0846E+03  6.0846E+03  6.0846E+03  6.0846E+03  6.0846E+03  6.0846E+03  6.0846E+03  6.0846E+03  6.0846E+03  6.0846E+03  6.0846E+03  6.0846E+03  6.0846E+03
  78738   2  6.5542E-03  6.5542E-03  6.5542E-03  6.5542E-03  6.5542E-03  6.5542E-03  6.5542E-03  6.5542E-03  6.5542E-03  6.5542E-03  6.5542E-03  6.5542E-03  6.5542E-03  6.5542E-03  6.5542E-03  6.5542E-03  6.5542E-03  6.5542E-03  6.5542E-03  6.5542E-03  6.5542E-03  6.5542E-03  6.5542E-03  6.5542E-03
  51367   4  1.1404E+02  1.1404E+02  1.1404E+02  1.1404E+02  1.1404E+02  1.1404E+02  1.1404E+02  1.1404E+02  1.1404E+02  1.1404E+02  1.1404E+02  1.1404E+02  1.1404E+02  1.1404E+02  1.1404E+02  1.1404E+02  1.1404E+02  1.1404E+02  1.1404E+02  1.1404E+02  1.1404E+02  1.1404E+02  1.1404E+02  1.1404E+02
  47111   4  1.1900E+01  1.1724E+01  1.1070E+01  9.9883E+00  8.8561E+00  7.4862E+00  6.9317E+00  6.6544E+00  6.5620E+00  6.7468E+00  7.3014E+00  8.1794E+00  9.3116E+00  1.0005E+01  1.0559E+01  1.1044E+01  1.1229E+01  1.1414E+01  1.1483E+01  1.1576E+01  1.1553E+01  1.1483E+01  1.1299E+01  1.1021E+01
  52073   7  4.1904E+04  4.1903E+04  4.1903E+04  4.1901E+04  4.1900E+04  4.1898E+04  4.1897E+04  4.1897E+04  4.1897E+04  4.1897E+04  4.1898E+04  4.1899E+04  4.1900E+04  4.1901E+04  4.1902E+04  4.1903E+04  4.1903E+04  4.1903E+04  4.1903E+04  4.1903E+04  4.1903E+04  4.1903E+04  4.1903E+04  4.1903E+04
  52405   3  6.1749E+01  6.1749E+01  6.1749E+01  6.1749E+01  6.1749E+01  6.1749E+01  6.1749E+01  6.1749E+01  6.1749E+01  6.1749E+01  6.1749E+01  6.1749E+01  6.1749E+01  6.1749E+01  6.1749E+01  6.1749E+01  6.1749E+01  6.1749E+01  6.1749E+01  6.1749E+01  6.1749E+01  6.1749E+01  6.1749E+01  6.1749E+01
  53828   3  2.2633E+01  2.2633E+01  2.2633E+01  2.2633E+01  2.2633E+01  2.2633E+01  2.2633E+01  2.2633E+01  2.2633E+01  2.2633E+01  2.2633E+01  2.2633E+01  2.2633E+01  2.2633E+01  2.2633E+01  2.2633E+01  2.2633E+01  2.2633E+01  2.2633E+01  2.2633E+01  2.2633E+01  2.2633E+01  2.2633E+01  2.2633E+01
  59849   4  1.1815E+02  1.1815E+02  1.1815E+02  1.1815E+02  1.1815E+02  1.1815E+02  1.1815E+02  1.1815E+02  1.1815E+02  1.1815E+02  1.1815E+02  1.1815E+02  1.1815E+02  1.1815E+02  1.1815E+02  1.1815E+02  1.1815E+02  1.1815E+02  1.1815E+02  1.1815E+02  1.1815E+02  1.1815E+02  1.1815E+02  1.1815E+02
  46431   4  1.2833E+01  1.2833E+01  1.2833E+01  1.2833E+01  1.2833E+01  1.2833E+01  1.2833E+01  1.2833E+01  1.2833E+01  1.2833E+01  1.2833E+01  1.2833E+01  1.2833E+01  1.2833E+01  1.2833E+01  1.2833E+01  1.2833E+01  1.2833E+01  1.2833E+01  1.2833E+01  1.2833E+01  1.2833E+01  1.2833E+01  1.2833E+01
  46078   4  2.2258E+03  2.2258E+03  2.2258E+03  2.2258E+03  2.2258E+03  2.2258E+03  2.2258E+03  2.2258E+03  2.2258E+03  2.2258E+03  2.2258E+03  2.2258E+03  2.2258E+03  2.2258E+03  2.2258E+03  2.2258E+03  2.2258E+03  2.2258E+03  2.2258E+03  2.2258E+03  2.2258E+03  2.2258E+03  2.2258E+03  2.2258E+03
  47835   4  1.2351E+03  1.2351E+03  1.2351E+03  1.2351E+03  8.1528E+02  8.1528E+02  8.1528E+02  8.1528E+02  8.1528E+02  8.1528E+02  8.1528E+02  8.1528E+02  8.1528E+02  1.2351E+03  1.2351E+03  1.2351E+03  1.2351E+03  1.2351E+03  1.2351E+03  1.2351E+03  1.2351E+03  1.2351E+03  1.2351E+03  1.2351E+03
  45724   4  6.2474E+04  6.2474E+04  6.2474E+04  6.2474E+04  6.2474E+04  6.2474E+04  6.2474E+04  6.2474E+04  6.2474E+04  6.2474E+04  6.2474E+04  6.2474E+04  6.2474E+04  6.2791E+04  6.2791E+04  6.2791E+04  6.2791E+04  6.2791E+04  6.2791E+04  6.2791E+04  6.2791E+04  6.2474E+04  6.2474E+04  6.2474E+04
  46050   3  2.1977E+03  2.1977E+03  2.1977E+03  2.1977E+03  1.6853E+03  1.6853E+03  1.6853E+03  1.6853E+03  1.6853E+03  1.6853E+03  1.6853E+03  1.6853E+03  1.6853E+03  2.3076E+03  2.3076E+03  2.3076E+03  2.3076E+03  2.3076E+03  2.3076E+03  2.3076E+03  2.3076E+03  2.1977E+03  2.1977E+03  2.1977E+03
  46051   4  2.0890E+02  2.0890E+02  2.0890E+02  2.0890E+02  2.0890E+02  2.0890E+02  2.0890E+02  2.0890E+02  2.0890E+02  2.0890E+02  2.0890E+02  2.0890E+02  2.0890E+02  2.0890E+02  2.0890E+02  2.0890E+02  2.0890E+02  2.0890E+02  2.0890E+02  2.0890E+02  2.0890E+02  2.0890E+02  2.0890E+02  2.0890E+02
  71070   3  3.7888E-01  3.7888E-01  3.7888E-01  3.7888E-01  3.7888E-01  3.7888E-01  3.7888E-01  3.7888E-01  3.7888E-01  3.7888E-01  3.7888E-01  3.7888E-01  3.7888E-01  3.7888E-01  3.7888E-01  3.7888E-01  3.7888E-01  3.7888E-01  3.7888E-01  3.7888E-01  3.7888E-01  3.7888E-01  3.7888E-01  3.7888E-01
  55562   3  2.7033E+03  2.7033E+03  2.7033E+03  2.7033E+03  2.7033E+03  2.7033E+03  2.7033E+03  2.7033E+03  2.7033E+03  2.7033E+03  2.7033E+03  2.7033E+03  2.7033E+03  2.7033E+03  2.7033E+03  2.7033E+03  2.7033E+03  2.7033E+03  2.7033E+03  2.7033E+03  2.7033E+03  2.7033E+03  2.7033E+03  2.7033E+03
  59075   3  7.3596E+00  7.3596E+00  7.3596E+00  7.3596E+00  7.3596E+00  7.3596E+00  7.3596E+00  7.3596E+00  7.3596E+00  7.3596E+00  7.3596E+00  7.3596E+00  7.3596E+00  7.3596E+00  7.3596E+00  7.3596E+00  7.3596E+00  7.3596E+00  7.3596E+00  7.3596E+00  7.3596E+00  7.3596E+00  7.3596E+00  7.3596E+00
  57669   4  2.0485E+00  2.0485E+00  2.0485E+00  2.0485E+00  2.0485E+00  2.0485E+00  2.0485E+00  2.0485E+00  2.0485E+00  2.0485E+00  2.0485E+00  2.0485E+00  2.0485E+00  2.0485E+00  2.0485E+00  2.0485E+00  2.0485E+00  2.0485E+00  2.0485E+00  2.0485E+00  2.0485E+00  2.0485E+00  2.0485E+00  2.0485E+00
  59789   4  2.0425E+03  2.0424E+03  2.0421E+03  2.0412E+03  2.0397E+03  9.7152E+02  9.6960E+02  9.6882E+02  9.6843E+02  9.6830E+02  9.6856E+02  9.6934E+02  9.7057E+02  9.7216E+02  2.2924E+03  2.2932E+03  2.2939E+03  2.2941E+03  2.2944E+03  2.2945E+03  2.2946E+03  2.2946E+03  2.0418E+03  2.0415E+03
  57677   4  1.1363E+01  1.1363E+01  1.1363E+01  1.1363E+01  1.1363E+01  1.1363E+01  1.1363E+01  1.1363E+01  1.1363E+01  1.1363E+01  1.1363E+01  1.1363E+01  1.1363E+01  1.1363E+01  6.9922E+01  6.9922E+01  6.9922E+01  6.9922E+01  6.9922E+01  6.9922E+01  6.9922E+01  6.9922E+01  1.1363E+01  1.1363E+01
  73199   4  2.2274E+03  2.2274E+03  2.2274E+03  2.2274E+03  2.2274E+03  2.2274E+03  2.2269E+03  2.2269E+03  2.2269E+03  2.2269E+03  2.2269E+03  2.2269E+03  2.2269E+03  2.2269E+03  2.2785E+03  2.2785E+03  2.2785E+03  2.2785E+03  2.2785E+03  2.2785E+03  2.2785E+03  2.2785E+03  2.2274E+03  2.2274E+03
  71434   7  2.1203E+04  2.1032E+04  2.0733E+04  1.9622E+04  1.7786E+04  1.5709E+04  1.3384E+04  1.2442E+04  1.1972E+04  1.1815E+04  1.2129E+04  1.3070E+04  1.4560E+04  1.6482E+04  1.7814E+04  1.8755E+04  1.9579E+04  1.9893E+04  2.0206E+04  2.0324E+04  2.0481E+04  2.0442E+04  2.0324E+04  2.0010E+04
  72847   4  1.3983E-01  1.3983E-01  1.3983E-01  1.3983E-01  1.3983E-01  1.3983E-01  1.3983E-01  1.3983E-01  1.3983E-01  1.3983E-01  1.3983E-01  1.3983E-01  1.3983E-01  1.3983E-01  1.3983E-01  1.3983E-01  1.3983E-01  1.3983E-01  1.3983E-01  1.3983E-01  1.3983E-01  1.3983E-01  1.3983E-01  1.3983E-01
  73200   3  1.2330E+03  1.2330E+03  1.2330E+03  1.2330E+03  1.2330E+03  1.2330E+03  1.2330E+03  1.2330E+03  1.2330E+03  1.2330E+03  1.2330E+03  1.2330E+03  1.2330E+03  1.2330E+03  1.2330E+03  1.2330E+03  1.2330E+03  1.2330E+03  1.2330E+03  1.2330E+03  1.2330E+03  1.2330E+03  1.2330E+03  1.2330E+03
  72845   3  1.7566E+00  1.7566E+00  1.7566E+00  1.7566E+00  1.7566E+00  1.7566E+00  1.7566E+00  1.7566E+00  1.7566E+00  1.7566E+00  1.7566E+00  1.7566E+00  1.7566E+00  1.7566E+00  1.7566E+00  1.7566E+00  1.7566E+00  1.7566E+00  1.7566E+00  1.7566E+00  1.7566E+00  1.7566E+00  1.7566E+00  1.7566E+00
  57997   3  3.2565E+01  3.2565E+01  3.2565E+01  3.2565E+01  3.2565E+01  3.2565E+01  3.2565E+01  3.2565E+01  3.2565E+01  3.2565E+01  3.2565E+01  3.2565E+01  3.2565E+01  3.2565E+01  3.2565E+01  3.2565E+01  3.2565E+01  3.2565E+01  3.2565E+01  3.2565E+01  3.2565E+01  3.2565E+01  3.2565E+01  3.2565E+01
  51672   4  1.3057E+00  1.3057E+00  1.3057E+00  1.3057E+00  1.3057E+00  1.3057E+00  1.3057E+00  1.3057E+00  1.3057E+00  1.3057E+00  1.3057E+00  1.3057E+00  1.3057E+00  1.3057E+00  1.9567E+02  1.9567E+02  1.9567E+02  1.9567E+02  1.9567E+02  1.9567E+02  1.9567E+02  1.9567E+02  1.3057E+00  1.3057E+00
  56265   3  6.4217E-03  6.4217E-03  6.4217E-03  6.4217E-03  6.4217E-03  6.4217E-03  6.4217E-03  6.4217E-03  6.4217E-03  6.4217E-03  6.4217E-03  6.4217E-03  6.4217E-03  6.4217E-03  6.4217E-03  6.4217E-03  6.4217E-03  6.4217E-03  6.4217E-03  6.4217E-03  6.4217E-03  6.4217E-03  6.4217E-03  6.4217E-03
  47851   2  2.1161E+02  2.1161E+02  2.1161E+02  2.1161E+02  2.1161E+02  2.1161E+02  2.1161E+02  2.1161E+02  2.1161E+02  2.1161E+02  2.1161E+02  2.1161E+02  2.1161E+02  2.1161E+02  2.1161E+02  2.1161E+02  2.1161E+02  2.1161E+02  2.1161E+02  2.1161E+02  2.1161E+02  2.1161E+02  2.1161E+02  2.1161E+02
  47493   2  1.4520E+03  1.4520E+03  1.4520E+03  1.4520E+03  1.4520E+03  1.4520E+03  1.4520E+03  1.4520E+03  1.4520E+03  1.4520E+03  1.4520E+03  1.4520E+03  1.4520E+03  1.4584E+03  1.4584E+03  1.4584E+03  1.4584E+03  1.4584E+03  1.4584E+03  1.4584E+03  1.4584E+03  1.4520E+03  1.4520E+03  1.4520E+03
  47141   2  3.6212E+01  3.6212E+01  3.6212E+01  3.6212E+01  3.6212E+01  3.6212E+01  3.6212E+01  3.6212E+01  3.6212E+01  3.6212E+01  3.6212E+01  3.6212E+01  3.6212E+01  3.6212E+01  3.6212E+01  3.6212E+01  3.6212E+01  3.6212E+01  3.6212E+01  3.6212E+01  3.6212E+01  3.6212E+01  3.6212E+01  3.6212E+01
  47142   6  1.7968E+01  1.7968E+01  1.7968E+01  1.7968E+01  1.7968E+01  1.7968E+01  1.7968E+01  1.7968E+01  1.7968E+01  1.7968E+01  1.7968E+01  1.7968E+01  1.7968E+01  1.7968E+01  1.7968E+01  1.7968E+01  1.7968E+01  1.7968E+01  1.7968E+01  1.7968E+01  1.7968E+01  1.7968E+01  1.7968E+01  1.7968E+01
  47494   6  4.2294E+01  4.2294E+01  4.2294E+01  4.2294E+01  4.2294E+01  4.2294E+01  4.2294E+01  4.2294E+01  4.2294E+01  4.2294E+01  4.2294E+01  4.2294E+01  4.2294E+01  4.2294E+01  4.2294E+01  4.2294E+01  4.2294E+01  4.2294E+01  4.2294E+01  4.2294E+01  4.2294E+01  4.2294E+01  4.2294E+01  4.2294E+01
  46790   5  5.0963E+02  5.0963E+02  5.0963E+02  5.0963E+02  5.0963E+02  5.0963E+02  5.0963E+02  5.0963E+02  5.0963E+02  5.0963E+02  5.0963E+02  5.0963E+02  5.0963E+02  5.0963E+02  5.0963E+02  5.0963E+02  5.0963E+02  5.0963E+02  5.0963E+02  5.0963E+02  5.0963E+02  5.0963E+02  5.0963E+02  5.0963E+02
  47143   3  1.2796E+02  1.2796E+02  1.2796E+02  1.2796E+02  1.2796E+02  1.2796E+02  1.2796E+02  1.2796E+02  1.2796E+02  1.2796E+02  1.2796E+02  1.2796E+02  1.2796E+02  3.5206E+02  3.5206E+02  3.5206E+02  3.5206E+02  3.5206E+02  3.5206E+02  3.5206E+02  3.5206E+02  1.2796E+02  1.2796E+02  1.2796E+02
  46792   3  1.2167E+03  1.2167E+03  1.2167E+03  1.2167E+03  1.2167E+03  1.2167E+03  1.2167E+03  1.2167E+03  1.2167E+03  1.2167E+03  1.2167E+03  1.2167E+03  1.2167E+03  1.2230E+03  1.2230E+03  1.2230E+03  1.2230E+03  1.2230E+03  1.2230E+03  1.2230E+03  1.2230E+03  1.2167E+03  1.2167E+03  1.2167E+03
  46791   4  3.8500E+03  3.8475E+03  3.8381E+03  3.8225E+03  3.8062E+03  3.7865E+03  3.7785E+03  3.7745E+03  3.7732E+03  3.7758E+03  3.7838E+03  3.7964E+03  3.8127E+03  4.4667E+03  4.4747E+03  4.4817E+03  4.4844E+03  4.4870E+03  4.4880E+03  4.4894E+03  4.4890E+03  3.8440E+03  3.8413E+03  3.8374E+03
  47147   3  4.9789E+02  4.9789E+02  4.9789E+02  4.9789E+02  4.9789E+02  4.9789E+02  4.9789E+02  4.9789E+02  4.9789E+02  4.9789E+02  4.9789E+02  4.9789E+02  4.9789E+02  4.9789E+02  4.9789E+02  4.9789E+02  4.9789E+02  4.9789E+02  4.9789E+02  4.9789E+02  4.9789E+02  4.9789E+02  4.9789E+02  4.9789E+02
  47848   4  1.4045E+03  1.4045E+03  1.4045E+03  1.4045E+03  1.4045E+03  1.4045E+03  1.4045E+03  1.4045E+03  1.4045E+03  1.4045E+03  1.4045E+03  1.4045E+03  1.4045E+03  1.4045E+03  1.4045E+03  1.4045E+03  1.4045E+03  1.4045E+03  1.4045E+03  1.4045E+03  1.4045E+03  1.4045E+03  1.4045E+03  1.4045E+03
  47144   1  2.1208E+03  2.1208E+03  2.1208E+03  2.1208E+03  2.1208E+03  2.1208E+03  2.1208E+03  2.1208E+03  2.1208E+03  2.1208E+03  2.1208E+03  2.1208E+03  2.1208E+03  2.1974E+03  2.1975E+03  2.1975E+03  2.1975E+03  2.1975E+03  2.1975E+03  2.1975E+03  2.1974E+03  2.1208E+03  2.1208E+03  2.1208E+03
  46789   2  2.7872E+02  2.7872E+02  2.7872E+02  2.7872E+02  2.7872E+02  2.7872E+02  2.7872E+02  2.7872E+02  2.7872E+02  2.7872E+02  2.7872E+02  2.7872E+02  2.7872E+02  2.7872E+02  2.7872E+02  2.7872E+02  2.7872E+02  2.7872E+02  2.7872E+02  2.7872E+02  2.7872E+02  2.7872E+02  2.7872E+02  2.7872E+02
  71755   1  3.2429E+00  3.2429E+00  3.2429E+00  3.2429E+00  3.2429E+00  3.2429E+00  3.2429E+00  3.2429E+00  3.2429E+00  3.2429E+00  3.2429E+00  3.2429E+00  3.2429E+00  3.2429E+00  3.2429E+00  3.2429E+00  3.2429E+00  3.2429E+00  3.2429E+00  3.2429E+00  3.2429E+00  3.2429E+00  3.2429E+00  3.2429E+00
  72073   1  1.0598E+03  1.0598E+03  1.0598E+03  1.0598E+03  1.0598E+03  1.0598E+03  1.0598E+03  1.0598E+03  1.0598E+03  1.0598E+03  1.0598E+03  1.0598E+03  1.0598E+03  1.0598E+03  1.0598E+03  1.0598E+03  1.0598E+03  1.0598E+03  1.0598E+03  1.0598E+03  1.0598E+03  1.0598E+03  1.0598E+03  1.0598E+03
  70688   2  2.4535E+02  2.4535E+02  2.4535E+02  2.4535E+02  2.4535E+02  2.4535E+02  2.4535E+02  2.4535E+02  2.4535E+02  2.4535E+02  2.4535E+02  2.4535E+02  2.4535E+02  2.4535E+02  2.4535E+02  2.4535E+02  2.4535E+02  2.4535E+02  2.4535E+02  2.4535E+02  2.4535E+02  2.4535E+02  2.4535E+02  2.4535E+02
  61152   2  4.6344E+01  4.6344E+01  4.6344E+01  4.6344E+01  4.6344E+01  4.6344E+01  4.6344E+01  4.6344E+01  4.6344E+01  4.6344E+01  4.6344E+01  4.6344E+01  4.6344E+01  4.6344E+01  4.6344E+01  4.6344E+01  4.6344E+01  4.6344E+01  4.6344E+01  4.6344E+01  4.6344E+01  4.6344E+01  4.6344E+01  4.6344E+01
  66103   2  1.1643E+00  1.1643E+00  1.1643E+00  1.1643E+00  1.1643E+00  1.1643E+00  1.1643E+00  1.1643E+00  1.1643E+00  1.1643E+00  1.1643E+00  1.1643E+00  1.1643E+00  1.1643E+00  1.1643E+00  1.1643E+00  1.1643E+00  1.1643E+00  1.1643E+00  1.1643E+00  1.1643E+00  1.1643E+00  1.1643E+00  1.1643E+00
  62209   2  4.5245E+03  4.5245E+03  4.5245E+03  4.5245E+03  4.5245E+03  4.5245E+03  4.5245E+03  4.5245E+03  4.5245E+03  4.5245E+03  4.5245E+03  4.5245E+03  4.5245E+03  4.5245E+03  4.5245E+03  4.5245E+03  4.5245E+03  4.5245E+03  4.5245E+03  4.5245E+03  4.5245E+03  4.5245E+03  4.5245E+03  4.5245E+03
  62560   2  1.1796E+04  1.1796E+04  1.1796E+04  1.1796E+04  1.1796E+04  6.9958E+03  6.9958E+03  6.9958E+03  6.9958E+03  6.9958E+03  6.9958E+03  6.9958E+03  6.9958E+03  6.9958E+03  1.1911E+04  1.1911E+04  1.1911E+04  1.1911E+04  1.1911E+04  1.1911E+04  1.1911E+04  1.1911E+04  1.1796E+04  1.1796E+04
  62906   2  9.5151E+01  9.4353E+01  9.2957E+01  8.7771E+01  7.9193E+01  7.0216E+01  5.9355E+01  5.4958E+01  5.2760E+01  5.2027E+01  5.3493E+01  5.7890E+01  6.4851E+01  7.3827E+01  8.2610E+01  8.7007E+01  9.0854E+01  9.2319E+01  9.3785E+01  9.4335E+01  9.5067E+01  9.4884E+01  9.1048E+01  8.9582E+01
  53397   2  1.4773E+01  1.4773E+01  1.4773E+01  1.4773E+01  1.4773E+01  1.4773E+01  1.4773E+01  1.4773E+01  1.4773E+01  1.4773E+01  1.4773E+01  1.4773E+01  1.4773E+01  1.4773E+01  1.9422E+01  1.9422E+01  1.9422E+01  1.9422E+01  1.9422E+01  1.9422E+01  1.9422E+01  1.9422E+01  1.4773E+01  1.4773E+01
  72093   2  6.7562E-01  6.7562E-01  6.7562E-01  6.7562E-01  6.7562E-01  6.7562E-01  6.7562E-01  6.7562E-01  6.7562E-01  6.7562E-01  6.7562E-01  6.7562E-01  6.7562E-01  6.7562E-01  6.7562E-01  6.7562E-01  6.7562E-01  6.7562E-01  6.7562E-01  6.7562E-01  6.7562E-01  6.7562E-01  6.7562E-01  6.7562E-01
  72780   2  2.4188E-01  2.4188E-01  2.4188E-01  2.4188E-01  2.4188E-01  2.4188E-01  2.4188E-01  2.4188E-01  2.4188E-01  2.4188E-01  2.4188E-01  2.4188E-01  2.4188E-01  2.4188E-01  2.4188E-01  2.4188E-01  2.4188E-01  2.4188E-01  2.4188E-01  2.4188E-01  2.4188E-01  2.4188E-01  2.4188E-01  2.4188E-01
  32698   7  2.4411E+02  2.4411E+02  2.4411E+02  2.4411E+02  2.4411E+02  2.4411E+02  2.4411E+02  2.4411E+02  2.4411E+02  2.4411E+02  2.4411E+02  2.4411E+02  2.4411E+02  2.4411E+02  2.4411E+02  2.4411E+02  2.4411E+02  2.4411E+02  2.4411E+02  2.4411E+02  2.4411E+02  2.4411E+02  2.4411E+02  2.4411E+02
  32699   3  1.2444E+02  1.2444E+02  1.2444E+02  1.2444E+02  1.2444E+02  1.2444E+02  1.2444E+02  1.2444E+02  1.2444E+02  1.2444E+02  1.2444E+02  1.2444E+02  1.2444E+02  1.2444E+02  1.2444E+02  1.2444E+02  1.2444E+02  1.2444E+02  1.2444E+02  1.2444E+02  1.2444E+02  1.2444E+02  1.2444E+02  1.2444E+02
  46097   3  1.0868E+01  1.0868E+01  1.0868E+01  1.0868E+01  1.0868E+01  1.0868E+01  1.0868E+01  1.0868E+01  1.0868E+01  1.0868E+01  1.0868E+01  1.0868E+01  1.0868E+01  1.0868E+01  1.0868E+01  1.0868E+01  1.0868E+01  1.0868E+01  1.0868E+01  1.0868E+01  1.0868E+01  1.0868E+01  1.0868E+01  1.0868E+01
  32346   3  1.2724E+03  1.2724E+03  1.2724E+03  1.2724E+03  1.2724E+03  1.2724E+03  1.2724E+03  1.2724E+03  1.2724E+03  1.2724E+03  1.2724E+03  1.2724E+03  1.2724E+03  1.4577E+03  1.4577E+03  1.4577E+03  1.4577E+03  1.4577E+03  1.4577E+03  1.4577E+03  1.4577E+03  1.2724E+03  1.2724E+03  1.2724E+03
  33394   3  1.7601E+02  1.7601E+02  1.7601E+02  1.7601E+02  1.7601E+02  1.7601E+02  1.7601E+02  1.7601E+02  1.7601E+02  1.7601E+02  1.7601E+02  1.7601E+02  1.7601E+02  1.7601E+02  1.7601E+02  1.7601E+02  1.7601E+02  1.7601E+02  1.7601E+02  1.7601E+02  1.7601E+02  1.7601E+02  1.7601E+02  1.7601E+02
  47881   2  3.9916E+03  3.9916E+03  3.9916E+03  3.9916E+03  3.9916E+03  3.9916E+03  3.9916E+03  3.9916E+03  3.9916E+03  3.9916E+03  3.9916E+03  3.9916E+03  3.9916E+03  3.9916E+03  3.9916E+03  3.9916E+03  3.9916E+03  3.9916E+03  3.9916E+03  3.9916E+03  3.9916E+03  3.9916E+03  3.9916E+03  3.9916E+03
  54565   2  1.3102E+03  1.3102E+03  1.3102E+03  1.3102E+03  1.3102E+03  1.3102E+03  1.3102E+03  1.3102E+03  1.3102E+03  1.3102E+03  1.3102E+03  1.3102E+03  1.3102E+03  1.3102E+03  1.3102E+03  1.3102E+03  1.3102E+03  1.3102E+03  1.3102E+03  1.3102E+03  1.3102E+03  1.3102E+03  1.3102E+03  1.3102E+03
  48578   2  1.7267E+03  1.7267E+03  1.7267E+03  1.7267E+03  1.7267E+03  1.7267E+03  1.7267E+03  1.7267E+03  1.7267E+03  1.7267E+03  1.7267E+03  1.7267E+03  1.7267E+03  1.7267E+03  1.7267E+03  1.7267E+03  1.7267E+03  1.7267E+03  1.7267E+03  1.7267E+03  1.7267E+03  1.7267E+03  1.7267E+03  1.7267E+03
  48226   2  3.8233E+02  3.8233E+02  3.8233E+02  3.8233E+02  3.8233E+02  3.8233E+02  3.8233E+02  3.8233E+02  3.8233E+02  3.8233E+02  3.8233E+02  3.8233E+02  3.8233E+02  3.8233E+02  3.8233E+02  3.8233E+02  3.8233E+02  3.8233E+02  3.8233E+02  3.8233E+02  3.8233E+02  3.8233E+02  3.8233E+02  3.8233E+02
  48227   2  3.2926E-01  3.2926E-01  3.2926E-01  3.2926E-01  3.2926E-01  3.2926E-01  3.2926E-01  3.2926E-01  3.2926E-01  3.2926E-01  3.2926E-01  3.2926E-01  3.2926E-01  3.2926E-01  3.2926E-01  3.2926E-01  3.2926E-01  3.2926E-01  3.2926E-01  3.2926E-01  3.2926E-01  3.2926E-01  3.2926E-01  3.2926E-01
  46818   2  2.6214E+01  2.6214E+01  2.6214E+01  2.6214E+01  2.6214E+01  2.6214E+01  2.6214E+01  2.6214E+01  2.6214E+01  2.6214E+01  2.6214E+01  2.6214E+01  2.6214E+01  2.6214E+01  2.6214E+01  2.6214E+01  2.6214E+01  2.6214E+01  2.6214E+01  2.6214E+01  2.6214E+01  2.6214E+01  2.6214E+01  2.6214E+01
  38332   2  3.7097E-01  3.7097E-01  3.7097E-01  3.7097E-01  3.7097E-01  3.7097E-01  3.7097E-01  3.7097E-01  3.7097E-01  3.7097E-01  3.7097E-01  3.7097E-01  3.7097E-01  3.7097E-01  3.7097E-01  3.7097E-01  3.7097E-01  3.7097E-01  3.7097E-01  3.7097E-01  3.7097E-01  3.7097E-01  3.7097E-01  3.7097E-01
  35158   4  1.8354E+02  1.8354E+02  1.8354E+02  1.8354E+02  1.8354E+02  1.8354E+02  1.8354E+02  1.8354E+02  1.8354E+02  1.8354E+02  1.8354E+02  1.8354E+02  1.8354E+02  1.8354E+02  1.8354E+02  1.8354E+02  1.8354E+02  1.8354E+02  1.8354E+02  1.8354E+02  1.8354E+02  1.8354E+02  1.8354E+02  1.8354E+02
  30178   3  7.0363E+02  7.0363E+02  7.0363E+02  7.0363E+02  7.0363E+02  4.7065E+02  4.7065E+02  4.7065E+02  4.7065E+02  4.7065E+02  4.7065E+02  4.7065E+02  4.7065E+02  7.0363E+02  7.0363E+02  7.0363E+02  7.0363E+02  7.0363E+02  7.0363E+02  7.0363E+02  7.0363E+02  7.0363E+02  7.0363E+02  7.0363E+02
  30529   4  1.6722E+02  1.6722E+02  1.6722E+02  1.6722E+02  1.6722E+02  1.6549E+02  1.6549E+02  1.6549E+02  1.6549E+02  1.6549E+02  1.6549E+02  1.6549E+02  1.6549E+02  1.6722E+02  1.6722E+02  1.6722E+02  1.6722E+02  1.6722E+02  1.6722E+02  1.6722E+02  1.6722E+02  1.6722E+02  1.6722E+02  1.6722E+02
  31942   4  2.0240E-02  2.0240E-02  2.0240E-02  2.0240E-02  2.0240E-02  2.0240E-02  2.0240E-02  2.0240E-02  2.0240E-02  2.0240E-02  2.0240E-02  2.0240E-02  2.0240E-02  2.0240E-02  2.0240E-02  2.0240E-02  2.0240E-02  2.0240E-02  2.0240E-02  2.0240E-02  2.0240E-02  2.0240E-02  2.0240E-02  2.0240E-02
  30884   4  3.1520E+00  3.1520E+00  3.1520E+00  3.1520E+00  3.1520E+00  3.1520E+00  3.1520E+00  3.1520E+00  3.1520E+00  3.1520E+00  3.1520E+00  3.1520E+00  3.1520E+00  3.1520E+00  3.1520E+00  3.1520E+00  3.1520E+00  3.1520E+00  3.1520E+00  3.1520E+00  3.1520E+00  3.1520E+00  3.1520E+00  3.1520E+00
  44899   7  1.5428E+03  1.5049E+03  1.4923E+03  1.4702E+03  1.3882E+03  1.2525E+03  1.1105E+03  9.3875E+02  8.6921E+02  8.3444E+02  8.2285E+02  8.4603E+02  9.1556E+02  1.0257E+03  1.1676E+03  1.2546E+03  1.3241E+03  1.3849E+03  1.4081E+03  1.4313E+03  1.4400E+03  1.4516E+03  1.4487E+03  1.4400E+03
  57936   3  7.3778E-01  7.3778E-01  7.3778E-01  7.3778E-01  7.3778E-01  7.3778E-01  7.3778E-01  7.3778E-01  7.3778E-01  7.3778E-01  7.3778E-01  7.3778E-01  7.3778E-01  7.3778E-01  7.3778E-01  7.3778E-01  7.3778E-01  7.3778E-01  7.3778E-01  7.3778E-01  7.3778E-01  7.3778E-01  7.3778E-01  7.3778E-01
  22551   3  3.5395E+03  3.5395E+03  3.5395E+03  3.5395E+03  3.5395E+03  3.5395E+03  3.5395E+03  3.5395E+03  3.5395E+03  3.5395E+03  3.5395E+03  3.5395E+03  3.5395E+03  3.5395E+03  3.5395E+03  3.5395E+03  3.5395E+03  3.5395E+03  3.5395E+03  3.5395E+03  3.5395E+03  3.5395E+03  3.5395E+03  3.5395E+03
  16894   7  1.7657E+04  1.7657E+04  1.7657E+04  1.7657E+04  1.7657E+04  1.7657E+04  1.7657E+04  1.7657E+04  1.7657E+04  1.7657E+04  1.7657E+04  1.7657E+04  1.7657E+04  1.7657E+04  1.7657E+04  1.7657E+04  1.7657E+04  1.7657E+04  1.7657E+04  1.7657E+04  1.7657E+04  1.7657E+04  1.7657E+04  1.7657E+04
  18509   3  6.7127E+00  6.7127E+00  6.7127E+00  6.7127E+00  6.7127E+00  6.7127E+00  6.7127E+00  6.7127E+00  6.7127E+00  6.7127E+00  6.7127E+00  6.7127E+00  6.7127E+00  6.7127E+00  6.7127E+00  6.7127E+00  6.7127E+00  6.7127E+00  6.7127E+00  6.7127E+00  6.7127E+00  6.7127E+00  6.7127E+00  6.7127E+00
  19219   3  3.5310E+01  3.5310E+01  3.5310E+01  3.5310E+01  3.5310E+01  3.5310E+01  3.5310E+01  3.5310E+01  3.5310E+01  3.5310E+01  3.5310E+01  3.5310E+01  3.5310E+01  3.5310E+01  3.5310E+01  3.5310E+01  3.5310E+01  3.5310E+01  3.5310E+01  3.5310E+01  3.5310E+01  3.5310E+01  3.5310E+01  3.5310E+01
  18505   3  1.0455E+02  1.0455E+02  1.0455E+02  1.0455E+02  1.0455E+02  1.0455E+02  1.0455E+02  1.0455E+02  1.0455E+02  1.0455E+02  1.0455E+02  1.0455E+02  1.0455E+02  1.0455E+02  1.0455E+02  1.0455E+02  1.0455E+02  1.0455E+02  1.0455E+02  1.0455E+02  1.0455E+02  1.0455E+02  1.0455E+02  1.0455E+02
   6979   4  6.7127E+00  6.7127E+00  6.7127E+00  6.7127E+00  6.7127E+00  6.7127E+00  6.7127E+00  6.7127E+00  6.7127E+00  6.7127E+00  6.7127E+00  6.7127E+00  6.7127E+00  6.7127E+00  6.7127E+00  6.7127E+00  6.7127E+00  6.7127E+00  6.7127E+00  6.7127E+00  6.7127E+00  6.7127E+00  6.7127E+00  6.7127E+00
   9108   3  2.9687E+02  2.9687E+02  2.9687E+02  2.9687E+02  2.9687E+02  2.8845E+02  2.8845E+02  2.8845E+02  2.8845E+02  2.8845E+02  2.8845E+02  2.8845E+02  2.8845E+02  2.9687E+02  2.9687E+02  2.9687E+02  2.9687E+02  2.9687E+02  2.9687E+02  2.9687E+02  2.9687E+02  2.9687E+02  2.9687E+02  2.9687E+02
   9455   2  1.1424E+01  1.1424E+01  1.1424E+01  1.1424E+01  1.1424E+01  1.1424E+01  1.1424E+01  1.1424E+01  1.1424E+01  1.1424E+01  1.1424E+01  1.1424E+01  1.1424E+01  1.1424E+01  1.1424E+01  1.1424E+01  1.1424E+01  1.1424E+01  1.1424E+01  1.1424E+01  1.1424E+01  1.1424E+01  1.1424E+01  1.1424E+01
  14047   3  1.2041E+03  1.2041E+03  1.2041E+03  1.2041E+03  1.2041E+03  1.2041E+03  1.2041E+03  1.2041E+03  1.2041E+03  1.2041E+03  1.2041E+03  1.2041E+03  1.2041E+03  1.2041E+03  1.2041E+03  1.2041E+03  1.2041E+03  1.2041E+03  1.2041E+03  1.2041E+03  1.2041E+03  1.2041E+03  1.2041E+03  1.2041E+03
   1352   4  6.4808E-01  6.4808E-01  6.4808E-01  6.4808E-01  6.4808E-01  6.4808E-01  6.4808E-01  6.4808E-01  6.4808E-01  6.4808E-01  6.4808E-01  6.4808E-01  6.4808E-01  6.4808E-01  6.4808E-01  6.4808E-01  6.4808E-01  6.4808E-01  6.4808E-01  6.4808E-01  6.4808E-01  6.4808E-01  6.4808E-01  6.4808E-01
   9106   4  1.4277E+02  1.4277E+02  1.4277E+02  1.4277E+02  1.4277E+02  1.4277E+02  1.4277E+02  1.4277E+02  1.4277E+02  1.4277E+02  1.4277E+02  1.4277E+02  1.4277E+02  1.4277E+02  1.4277E+02  1.4277E+02  1.4277E+02  1.4277E+02  1.4277E+02  1.4277E+02  1.4277E+02  1.4277E+02  1.4277E+02  1.4277E+02
  19977   3  4.0615E+02  4.0615E+02  4.0615E+02  4.0615E+02  4.0615E+02  2.2190E+02  2.2190E+02  2.2190E+02  2.2190E+02  2.2190E+02  2.2190E+02  2.2190E+02  2.2193E+02  3.3579E+03  3.3579E+03  3.3579E+03  3.3579E+03  3.3579E+03  3.3579E+03  3.3579E+03  3.3579E+03  4.0615E+02  4.0615E+02  4.0615E+02
  20329   3  4.8496E+03  4.8496E+03  4.8496E+03  4.8496E+03  4.8496E+03  1.4173E+03  1.4173E+03  1.4173E+03  1.4173E+03  1.4173E+03  1.4173E+03  1.4173E+03  1.4173E+03  5.3031E+03  5.3031E+03  5.3031E+03  5.3031E+03  5.3031E+03  5.3031E+03  5.3031E+03  5.3031E+03  4.8496E+03  4.8496E+03  4.8496E+03
  20330   3  3.0379E+03  3.0379E+03  3.0379E+03  3.0379E+03  3.0379E+03  2.8840E+03  2.8840E+03  2.8840E+03  2.8840E+03  2.8840E+03  2.8840E+03  2.8840E+03  2.8840E+03  4.1527E+03  4.1527E+03  4.1527E+03  4.1527E+03  4.1527E+03  4.1527E+03  4.1527E+03  4.1527E+03  3.0379E+03  3.0379E+03  3.0379E+03
  19976   3  8.0733E+02  8.0733E+02  8.0733E+02  8.0733E+02  8.0733E+02  8.0713E+02  8.0713E+02  8.0713E+02  8.0713E+02  8.0713E+02  8.0713E+02  8.0713E+02  8.0713E+02  1.3288E+03  1.3288E+03  1.3288E+03  1.3288E+03  1.3288E+03  1.3288E+03  1.3288E+03  1.3288E+03  8.0733E+02  8.0733E+02  8.0733E+02
  19624   4  3.5781E+01  3.5781E+01  3.5781E+01  3.5781E+01  3.5781E+01  3.4696E+01  3.4696E+01  3.4696E+01  3.4696E+01  3.4696E+01  3.4696E+01  3.4696E+01  3.4696E+01  1.0437E+03  1.0437E+03  1.0437E+03  1.0437E+03  1.0437E+03  1.0437E+03  1.0437E+03  1.0437E+03  3.5781E+01  3.5781E+01  3.5781E+01
  19271   4  3.8372E+01  3.8372E+01  3.8372E+01  3.8372E+01  3.8372E+01  3.8372E+01  3.8372E+01  3.8372E+01  3.8372E+01  3.8372E+01  3.8372E+01  3.8372E+01  3.8372E+01  3.8372E+01  3.8372E+01  3.8372E+01  3.8372E+01  3.8372E+01  3.8372E+01  3.8372E+01  3.8372E+01  3.8372E+01  3.8372E+01  3.8372E+01
  19272   3  7.1447E+01  7.1447E+01  7.1447E+01  7.1447E+01  7.1447E+01  7.1447E+01  7.1447E+01  7.1447E+01  7.1447E+01  7.1447E+01  7.1447E+01  7.1447E+01  7.1447E+01  5.1005E+02  5.1005E+02  5.1005E+02  5.1005E+02  5.1005E+02  5.1005E+02  5.1005E+02  5.1005E+02  7.1447E+01  7.1447E+01  7.1447E+01
  19622   3  1.3557E-01  1.3557E-01  1.3557E-01  1.3557E-01  1.3557E-01  1.3557E-01  1.3557E-01  1.3557E-01  1.3557E-01  1.3557E-01  1.3557E-01  1.3557E-01  1.3557E-01  1.0675E+02  1.0675E+02  1.0675E+02  1.0675E+02  1.0675E+02  1.0675E+02  1.0675E+02  1.0675E+02  1.3557E-01  1.3557E-01  1.3557E-01
  19978   4  2.7604E+02  2.7604E+02  2.7604E+02  2.7604E+02  2.7604E+02  2.7604E+02  2.7604E+02  2.7604E+02  2.7604E+02  2.7604E+02  2.7604E+02  2.7604E+02  2.7604E+02  2.8996E+02  2.8996E+02  2.8996E+02  2.8996E+02  2.8996E+02  2.8996E+02  2.8996E+02  2.8996E+02  2.7604E+02  2.7604E+02  2.7604E+02
  19625   5  4.7618E+02  4.7618E+02  4.7618E+02  4.7618E+02  4.7618E+02  2.8381E+02  2.8381E+02  2.8381E+02  2.8381E+02  2.8381E+02  2.8381E+02  2.8381E+02  4.2583E+02  1.3856E+03  1.3856E+03  1.3856E+03  1.3856E+03  1.3856E+03  1.3856E+03  1.3856E+03  1.3856E+03  4.7618E+02  4.7618E+02  4.7618E+02
  19626   3  9.2459E+01  9.2459E+01  9.2459E+01  9.2459E+01  9.2459E+01  9.2450E+01  9.2450E+01  9.2450E+01  9.2450E+01  9.2450E+01  9.2450E+01  9.2450E+01  9.2450E+01  1.6485E+02  1.6485E+02  1.6485E+02  1.6485E+02  1.6485E+02  1.6485E+02  1.6485E+02  1.6485E+02  9.2459E+01  9.2459E+01  9.2459E+01
  19270   3  8.0175E+01  8.0175E+01  8.0175E+01  8.0175E+01  8.0175E+01  8.0175E+01  8.0175E+01  8.0175E+01  8.0175E+01  8.0175E+01  8.0175E+01  8.0175E+01  8.0175E+01  2.6323E+03  2.6323E+03  2.6323E+03  2.6323E+03  2.6323E+03  2.6323E+03  2.6323E+03  2.6323E+03  8.0175E+01  8.0175E+01  8.0175E+01
  19623   4  7.7908E+00  7.7908E+00  7.7908E+00  7.7908E+00  7.7908E+00  7.7908E+00  7.7908E+00  7.7908E+00  7.7908E+00  7.7908E+00  7.7908E+00  7.7908E+00  7.7908E+00  9.1963E+02  9.1963E+02  9.1963E+02  9.1963E+02  9.1963E+02  9.1963E+02  9.1963E+02  9.1963E+02  7.7908E+00  7.7908E+00  7.7908E+00
  19273   3  2.9257E-01  2.9257E-01  2.9257E-01  2.9257E-01  2.9257E-01  2.9257E-01  2.9257E-01  2.9257E-01  2.9257E-01  2.9257E-01  2.9257E-01  2.9257E-01  2.9257E-01  1.4077E+02  1.4077E+02  1.4077E+02  1.4077E+02  1.4077E+02  1.4077E+02  1.4077E+02  1.4077E+02  2.9257E-01  2.9257E-01  2.9257E-01
  18919   3  3.2299E+01  3.2299E+01  3.2299E+01  3.2299E+01  3.2299E+01  3.2299E+01  3.2299E+01  3.2299E+01  3.2299E+01  3.2299E+01  3.2299E+01  3.2299E+01  3.2299E+01  4.7580E+02  4.7580E+02  4.7580E+02  4.7580E+02  4.7580E+02  4.7580E+02  4.7580E+02  4.7580E+02  3.2299E+01  3.2299E+01  3.2299E+01
  44604   3  9.1425E-01  9.1425E-01  9.1425E-01  9.1425E-01  9.1425E-01  9.1425E-01  9.1425E-01  9.1425E-01  9.1425E-01  9.1425E-01  9.1425E-01  9.1425E-01  9.1425E-01  9.1425E-01  9.1425E-01  9.1425E-01  9.1425E-01  9.1425E-01  9.1425E-01  9.1425E-01  9.1425E-01  9.1425E-01  9.1425E-01  9.1425E-01
  42517   3  1.8422E-02  1.8422E-02  1.8422E-02  1.8422E-02  1.8422E-02  1.8422E-02  1.8422E-02  1.8422E-02  1.8422E-02  1.8422E-02  1.8422E-02  1.8422E-02  1.8422E-02  1.8422E-02  1.8422E-02  1.8422E-02  1.8422E-02  1.8422E-02  1.8422E-02  1.8422E-02  1.8422E-02  1.8422E-02  1.8422E-02  1.8422E-02
  43929   3  1.2105E-01  1.2105E-01  1.2105E-01  1.2105E-01  1.2105E-01  1.2105E-01  1.2105E-01  1.2105E-01  1.2105E-01  1.2105E-01  1.2105E-01  1.2105E-01  1.2105E-01  1.2105E-01  1.2105E-01  1.2105E-01  1.2105E-01  1.2105E-01  1.2105E-01  1.2105E-01  1.2105E-01  1.2105E-01  1.2105E-01  1.2105E-01
  39330   3  1.5084E+00  1.5084E+00  1.5084E+00  1.5084E+00  1.5084E+00  1.5084E+00  1.5084E+00  1.5084E+00  1.5084E+00  1.5084E+00  1.5084E+00  1.5084E+00  1.5084E+00  1.5084E+00  1.5084E+00  1.5084E+00  1.5084E+00  1.5084E+00  1.5084E+00  1.5084E+00  1.5084E+00  1.5084E+00  1.5084E+00  1.5084E+00
  39327   3  8.0132E+01  8.0132E+01  8.0132E+01  8.0132E+01  8.0132E+01  8.0132E+01  8.0132E+01  8.0132E+01  8.0132E+01  8.0132E+01  8.0132E+01  8.0132E+01  8.0132E+01  8.0132E+01  8.0132E+01  8.0132E+01  8.0132E+01  8.0132E+01  8.0132E+01  8.0132E+01  8.0132E+01  8.0132E+01  8.0132E+01  8.0132E+01
  46049   3  1.2477E+01  1.2477E+01  1.2477E+01  1.2477E+01  1.2477E+01  1.2477E+01  1.2477E+01  1.2477E+01  1.2477E+01  1.2477E+01  1.2477E+01  1.2477E+01  1.2477E+01  1.2477E+01  1.2477E+01  1.2477E+01  1.2477E+01  1.2477E+01  1.2477E+01  1.2477E+01  1.2477E+01  1.2477E+01  1.2477E+01  1.2477E+01
  46755   3  1.5269E+01  1.5269E+01  1.5269E+01  1.5269E+01  1.5269E+01  1.5269E+01  1.5269E+01  1.5269E+01  1.5269E+01  1.5269E+01  1.5269E+01  1.5269E+01  1.5269E+01  1.5269E+01  1.5269E+01  1.5269E+01  1.5269E+01  1.5269E+01  1.5269E+01  1.5269E+01  1.5269E+01  1.5269E+01  1.5269E+01  1.5269E+01
  47110   3  1.6937E+00  1.6937E+00  1.6937E+00  1.6937E+00  1.6937E+00  1.6937E+00  1.6937E+00  1.6937E+00  1.6937E+00  1.6937E+00  1.6937E+00  1.6937E+00  1.6937E+00  1.6937E+00  1.6937E+00  1.6937E+00  1.6937E+00  1.6937E+00  1.6937E+00  1.6937E+00  1.6937E+00  1.6937E+00  1.6937E+00  1.6937E+00
  47787   3  7.7837E-02  7.7837E-02  7.7837E-02  7.7837E-02  7.7837E-02  7.7837E-02  7.7837E-02  7.7837E-02  7.7837E-02  7.7837E-02  7.7837E-02  7.7837E-02  7.7837E-02  7.7837E-02  7.7837E-02  7.7837E-02  7.7837E-02  7.7837E-02  7.7837E-02  7.7837E-02  7.7837E-02  7.7837E-02  7.7837E-02  7.7837E-02
  42139   3  4.8679E+00  4.8679E+00  4.8679E+00  4.8679E+00  4.8679E+00  4.8679E+00  4.8679E+00  4.8679E+00  4.8679E+00  4.8679E+00  4.8679E+00  4.8679E+00  4.8679E+00  4.8679E+00  4.8679E+00  4.8679E+00  4.8679E+00  4.8679E+00  4.8679E+00  4.8679E+00  4.8679E+00  4.8679E+00  4.8679E+00  4.8679E+00
  41804   3  1.1212E-01  1.1212E-01  1.1212E-01  1.1212E-01  1.1212E-01  1.1212E-01  1.1212E-01  1.1212E-01  1.1212E-01  1.1212E-01  1.1212E-01  1.1212E-01  1.1212E-01  1.1212E-01  1.1212E-01  1.1212E-01  1.1212E-01  1.1212E-01  1.1212E-01  1.1212E-01  1.1212E-01  1.1212E-01  1.1212E-01  1.1212E-01
  43907   3  1.5489E-02  1.5489E-02  1.5489E-02  1.5489E-02  1.5489E-02  1.5489E-02  1.5489E-02  1.5489E-02  1.5489E-02  1.5489E-02  1.5489E-02  1.5489E-02  1.5489E-02  1.5489E-02  1.5489E-02  1.5489E-02  1.5489E-02  1.5489E-02  1.5489E-02  1.5489E-02  1.5489E-02  1.5489E-02  1.5489E-02  1.5489E-02
  24549   2  1.7553E+01  1.7553E+01  1.7553E+01  1.7553E+01  1.7553E+01  1.7553E+01  1.7553E+01  1.7553E+01  1.7553E+01  1.7553E+01  1.7553E+01  1.7553E+01  1.7553E+01  1.7553E+01  1.7553E+01  1.7553E+01  1.7553E+01  1.7553E+01  1.7553E+01  1.7553E+01  1.7553E+01  1.7553E+01  1.7553E+01  1.7553E+01
  24547   2  2.1905E+01  2.1905E+01  2.1905E+01  2.1905E+01  2.1905E+01  2.1905E+01  2.1905E+01  2.1905E+01  2.1905E+01  2.1905E+01  2.1905E+01  2.1905E+01  2.1905E+01  2.1905E+01  2.1905E+01  2.1905E+01  2.1905E+01  2.1905E+01  2.1905E+01  2.1905E+01  2.1905E+01  2.1905E+01  2.1905E+01  2.1905E+01
  26660   2  4.4229E-01  4.4229E-01  4.4229E-01  4.4229E-01  4.4229E-01  4.4229E-01  4.4229E-01  4.4229E-01  4.4229E-01  4.4229E-01  4.4229E-01  4.4229E-01  4.4229E-01  4.4229E-01  4.4229E-01  4.4229E-01  4.4229E-01  4.4229E-01  4.4229E-01  4.4229E-01  4.4229E-01  4.4229E-01  4.4229E-01  4.4229E-01
  25246   2  7.2303E-03  7.2303E-03  7.2303E-03  7.2303E-03  7.2303E-03  7.2303E-03  7.2303E-03  7.2303E-03  7.2303E-03  7.2303E-03  7.2303E-03  7.2303E-03  7.2303E-03  7.2303E-03  7.2303E-03  7.2303E-03  7.2303E-03  7.2303E-03  7.2303E-03  7.2303E-03  7.2303E-03  7.2303E-03  7.2303E-03  7.2303E-03
  27008   4  8.2892E-01  8.2892E-01  8.2892E-01  8.2892E-01  8.2892E-01  8.0625E-01  8.0625E-01  8.0625E-01  8.0625E-01  8.0625E-01  8.0625E-01  8.0625E-01  8.2892E-01  8.2892E-01  8.2892E-01  8.2892E-01  8.2892E-01  8.2892E-01  8.2892E-01  8.2892E-01  8.2892E-01  8.2892E-01  8.2892E-01  8.2892E-01
  24896   3  1.0437E+04  1.0437E+04  1.0437E+04  1.0437E+04  1.0437E+04  9.8224E+03  9.8224E+03  9.8224E+03  9.8224E+03  9.8224E+03  9.8224E+03  9.8224E+03  1.0437E+04  1.0437E+04  1.0437E+04  1.0437E+04  1.0437E+04  1.0437E+04  1.0437E+04  1.0437E+04  1.0437E+04  1.0437E+04  1.0437E+04  1.0437E+04
  23133   3  1.7768E-02  1.7768E-02  1.7768E-02  1.7768E-02  1.7768E-02  1.7768E-02  1.7768E-02  1.7768E-02  1.7768E-02  1.7768E-02  1.7768E-02  1.7768E-02  1.7768E-02  1.7768E-02  1.7768E-02  1.7768E-02  1.7768E-02  1.7768E-02  1.7768E-02  1.7768E-02  1.7768E-02  1.7768E-02  1.7768E-02  1.7768E-02
  26300   3  4.0056E+00  4.0056E+00  4.0056E+00  4.0056E+00  4.0056E+00  4.0056E+00  4.0056E+00  4.0056E+00  4.0056E+00  4.0056E+00  4.0056E+00  4.0056E+00  4.0056E+00  4.0056E+00  4.0056E+00  4.0056E+00  4.0056E+00  4.0056E+00  4.0056E+00  4.0056E+00  4.0056E+00  4.0056E+00  4.0056E+00  4.0056E+00
  26669   7  1.7404E+00  1.7404E+00  1.7404E+00  1.7404E+00  1.7404E+00  1.7404E+00  1.7404E+00  1.7404E+00  1.7404E+00  1.7404E+00  1.7404E+00  1.7404E+00  1.7404E+00  1.7404E+00  1.7404E+00  1.7404E+00  1.7404E+00  1.7404E+00  1.7404E+00  1.7404E+00  1.7404E+00  1.7404E+00  1.7404E+00  1.7404E+00
  24545   3  1.1738E+01  1.1738E+01  1.1738E+01  1.1738E+01  1.1738E+01  1.1738E+01  1.1738E+01  1.1738E+01  1.1738E+01  1.1738E+01  1.1738E+01  1.1738E+01  1.1738E+01  1.1738E+01  1.1738E+01  1.1738E+01  1.1738E+01  1.1738E+01  1.1738E+01  1.1738E+01  1.1738E+01  1.1738E+01  1.1738E+01  1.1738E+01
  15736   3  1.1054E+00  1.1054E+00  1.1054E+00  1.1054E+00  1.1054E+00  1.1054E+00  1.1054E+00  1.1054E+00  1.1054E+00  1.1054E+00  1.1054E+00  1.1054E+00  1.1054E+00  1.1054E+00  1.1054E+00  1.1054E+00  1.1054E+00  1.1054E+00  1.1054E+00  1.1054E+00  1.1054E+00  1.1054E+00  1.1054E+00  1.1054E+00
  12912   3  2.1472E+00  2.1472E+00  2.1472E+00  2.1472E+00  2.1472E+00  2.1472E+00  2.1472E+00  2.1472E+00  2.1472E+00  2.1472E+00  2.1472E+00  2.1472E+00  2.1472E+00  2.1472E+00  2.1472E+00  2.1472E+00  2.1472E+00  2.1472E+00  2.1472E+00  2.1472E+00  2.1472E+00  2.1472E+00  2.1472E+00  2.1472E+00
  23165   3  1.4691E+01  1.4691E+01  1.4691E+01  1.4691E+01  1.4691E+01  1.4691E+01  1.4691E+01  1.4691E+01  1.4691E+01  1.4691E+01  1.4691E+01  1.4691E+01  1.4691E+01  1.4691E+01  1.4691E+01  1.4691E+01  1.4691E+01  1.4691E+01  1.4691E+01  1.4691E+01  1.4691E+01  1.4691E+01  1.4691E+01  1.4691E+01
  22447   3  2.4856E+02  2.4856E+02  2.4856E+02  2.4856E+02  2.4856E+02  2.4856E+02  2.4856E+02  2.4856E+02  2.4856E+02  2.4856E+02  2.4856E+02  2.4856E+02  2.4856E+02  4.5836E+02  4.5836E+02  4.5836E+02  4.5836E+02  4.5836E+02  4.5836E+02  4.5836E+02  4.5836E+02  2.4856E+02  2.4856E+02  2.4856E+02
  22094   3  1.4923E+04  1.4923E+04  1.4923E+04  1.4923E+04  1.4923E+04  1.4863E+04  1.4863E+04  1.4863E+04  1.4863E+04  1.4863E+04  1.4863E+04  1.4863E+04  1.4863E+04  1.4923E+04  1.4923E+04  1.4923E+04  1.4923E+04  1.4923E+04  1.4923E+04  1.4923E+04  1.4923E+04  1.4923E+04  1.4923E+04  1.4923E+04
  22458   3  6.7733E+00  6.7733E+00  6.7733E+00  6.7733E+00  6.7733E+00  6.7733E+00  6.7733E+00  6.7733E+00  6.7733E+00  6.7733E+00  6.7733E+00  6.7733E+00  6.7733E+00  6.7733E+00  6.7733E+00  6.7733E+00  6.7733E+00  6.7733E+00  6.7733E+00  6.7733E+00  6.7733E+00  6.7733E+00  6.7733E+00  6.7733E+00
  23854   2  2.4811E+03  2.4811E+03  2.4811E+03  2.4811E+03  2.4811E+03  2.4811E+03  2.4811E+03  2.4811E+03  2.4811E+03  2.4811E+03  2.4811E+03  2.4811E+03  2.4811E+03  2.4811E+03  2.4811E+03  2.4811E+03  2.4811E+03  2.4811E+03  2.4811E+03  2.4811E+03  2.4811E+03  2.4811E+03  2.4811E+03  2.4811E+03
  26688   2  6.1914E+00  6.1914E+00  6.1914E+00  6.1914E+00  6.1914E+00  6.1914E+00  6.1914E+00  6.1914E+00  6.1914E+00  6.1914E+00  6.1914E+00  6.1914E+00  6.1914E+00  6.1914E+00  6.1914E+00  6.1914E+00  6.1914E+00  6.1914E+00  6.1914E+00  6.1914E+00  6.1914E+00  6.1914E+00  6.1914E+00  6.1914E+00
  22806   2  4.5877E-01  4.5877E-01  4.5877E-01  4.5877E-01  4.5877E-01  4.5877E-01  4.5877E-01  4.5877E-01  4.5877E-01  4.5877E-01  4.5877E-01  4.5877E-01  4.5877E-01  4.5877E-01  4.5877E-01  4.5877E-01  4.5877E-01  4.5877E-01  4.5877E-01  4.5877E-01  4.5877E-01  4.5877E-01  4.5877E-01  4.5877E-01
  22805   3  1.2440E+01  1.2440E+01  1.2440E+01  1.2440E+01  1.2440E+01  1.2440E+01  1.2440E+01  1.2440E+01  1.2440E+01  1.2440E+01  1.2440E+01  1.2440E+01  1.2440E+01  1.2440E+01  1.2440E+01  1.2440E+01  1.2440E+01  1.2440E+01  1.2440E+01  1.2440E+01  1.2440E+01  1.2440E+01  1.2440E+01  1.2440E+01
  23506   4  7.7870E+02  7.7870E+02  7.7870E+02  7.7870E+02  7.7870E+02  7.7870E+02  7.7870E+02  7.7870E+02  7.7870E+02  7.7870E+02  7.7870E+02  7.7870E+02  7.7870E+02  7.7870E+02  7.7870E+02  7.7870E+02  7.7870E+02  7.7870E+02  7.7870E+02  7.7870E+02  7.7870E+02  7.7870E+02  7.7870E+02  7.7870E+02
  22453   4  5.5573E-01  5.5573E-01  5.5573E-01  5.5573E-01  5.5573E-01  5.5573E-01  5.5573E-01  5.5573E-01  5.5573E-01  5.5573E-01  5.5573E-01  5.5573E-01  5.5573E-01  5.5573E-01  5.5573E-01  5.5573E-01  5.5573E-01  5.5573E-01  5.5573E-01  5.5573E-01  5.5573E-01  5.5573E-01  5.5573E-01  5.5573E-01
  21740   3  4.9498E+00  4.9498E+00  4.9498E+00  4.9498E+00  4.9498E+00  3.8402E+00  3.8402E+00  3.8402E+00  3.8402E+00  3.8402E+00  3.8402E+00  3.8402E+00  3.8402E+00  4.9498E+00  4.9498E+00  4.9498E+00  4.9498E+00  4.9498E+00  4.9498E+00  4.9498E+00  4.9498E+00  4.9498E+00  4.9498E+00  4.9498E+00
  21739   3  1.3259E+01  1.3259E+01  1.3259E+01  1.3259E+01  1.3259E+01  1.3259E+01  1.3259E+01  1.3259E+01  1.3259E+01  1.3259E+01  1.3259E+01  1.3259E+01  1.3259E+01  1.3259E+01  1.3259E+01  1.3259E+01  1.3259E+01  1.3259E+01  1.3259E+01  1.3259E+01  1.3259E+01  1.3259E+01  1.3259E+01  1.3259E+01
  22093   2  2.0581E+04  2.0581E+04  2.0581E+04  2.0581E+04  2.0581E+04  2.0581E+04  2.0581E+04  2.0581E+04  2.0581E+04  2.0581E+04  2.0581E+04  2.0581E+04  2.0581E+04  2.0581E+04  2.0581E+04  2.0581E+04  2.0581E+04  2.0581E+04  2.0581E+04  2.0581E+04  2.0581E+04  2.0581E+04  2.0581E+04  2.0581E+04
  21744   2  3.2409E+01  3.2409E+01  3.2409E+01  3.2409E+01  3.2409E+01  3.2390E+01  3.2390E+01  3.2390E+01  3.2390E+01  3.2390E+01  3.2390E+01  3.2390E+01  3.2390E+01  3.2409E+01  3.2409E+01  3.2409E+01  3.2409E+01  3.2409E+01  3.2409E+01  3.2409E+01  3.2409E+01  3.2409E+01  3.2409E+01  3.2409E+01
  21391   3  9.7088E+01  9.7088E+01  9.7088E+01  9.7088E+01  9.7088E+01  9.7088E+01  9.7088E+01  9.7088E+01  9.7088E+01  9.7088E+01  9.7088E+01  9.7088E+01  9.7088E+01  9.9316E+01  9.9316E+01  9.9316E+01  9.9316E+01  9.9316E+01  9.9316E+01  9.9316E+01  9.9316E+01  9.7088E+01  9.7088E+01  9.7088E+01
  22445   3  7.2892E+04  7.2892E+04  7.2892E+04  7.2892E+04  7.2892E+04  7.2892E+04  7.2892E+04  7.2892E+04  7.2892E+04  7.2892E+04  7.2892E+04  7.2892E+04  7.2892E+04  7.2892E+04  7.2892E+04  7.2892E+04  7.2892E+04  7.2892E+04  7.2892E+04  7.2892E+04  7.2892E+04  7.2892E+04  7.2892E+04  7.2892E+04
  22446   4  1.3627E+03  1.3426E+03  1.2677E+03  1.1438E+03  1.0142E+03  8.5727E+02  7.9377E+02  7.6202E+02  7.5144E+02  7.7261E+02  8.3610E+02  9.3666E+02  1.0663E+03  1.1457E+03  1.2092E+03  1.2647E+03  1.2859E+03  1.3071E+03  1.3150E+03  1.3256E+03  1.3229E+03  1.3150E+03  1.2938E+03  1.2621E+03
  22810   4  2.6746E+02  2.6746E+02  2.6746E+02  2.6746E+02  2.6746E+02  2.6744E+02  2.6744E+02  2.6744E+02  2.6744E+02  2.6744E+02  2.6744E+02  2.6744E+02  2.6744E+02  2.6746E+02  2.6746E+02  2.6746E+02  2.6746E+02  2.6746E+02  2.6746E+02  2.6746E+02  2.6746E+02  2.6746E+02  2.6746E+02  2.6746E+02
  25975   4  4.0254E+00  4.0254E+00  4.0254E+00  4.0254E+00  4.0254E+00  4.0254E+00  4.0254E+00  4.0254E+00  4.0254E+00  4.0254E+00  4.0254E+00  4.0254E+00  4.0254E+00  4.0254E+00  4.0254E+00  4.0254E+00  4.0254E+00  4.0254E+00  4.0254E+00  4.0254E+00  4.0254E+00  4.0254E+00  4.0254E+00  4.0254E+00
  25581   4  1.1085E+00  1.1085E+00  1.1085E+00  1.1085E+00  1.1085E+00  1.1085E+00  1.1085E+00  1.1085E+00  1.1085E+00  1.1085E+00  1.1085E+00  1.1085E+00  1.1085E+00  1.1085E+00  1.1085E+00  1.1085E+00  1.1085E+00  1.1085E+00  1.1085E+00  1.1085E+00  1.1085E+00  1.1085E+00  1.1085E+00  1.1085E+00
  23460   4  1.4176E+01  1.4176E+01  1.4176E+01  1.4176E+01  1.4176E+01  1.4176E+01  1.4176E+01  1.4176E+01  1.4176E+01  1.4176E+01  1.4176E+01  1.4176E+01  1.4176E+01  1.4176E+01  1.4176E+01  1.4176E+01  1.4176E+01  1.4176E+01  1.4176E+01  1.4176E+01  1.4176E+01  1.4176E+01  1.4176E+01  1.4176E+01
  25224   4  1.2880E+02  1.2880E+02  1.2880E+02  1.2880E+02  1.2880E+02  1.2855E+02  1.2855E+02  1.2855E+02  1.2855E+02  1.2855E+02  1.2855E+02  1.2855E+02  1.2855E+02  3.5148E+02  3.5148E+02  3.5148E+02  3.5148E+02  3.5148E+02  3.5148E+02  3.5148E+02  3.5148E+02  1.2880E+02  1.2880E+02  1.2880E+02
  25223   4  1.2645E+02  1.2645E+02  1.2645E+02  1.2645E+02  1.2645E+02  1.2644E+02  1.2644E+02  1.2644E+02  1.2644E+02  1.2644E+02  1.2644E+02  1.2644E+02  1.2644E+02  1.2645E+02  1.2645E+02  1.2645E+02  1.2645E+02  1.2645E+02  1.2645E+02  1.2645E+02  1.2645E+02  1.2645E+02  1.2645E+02  1.2645E+02
  24870   4  1.8241E+03  1.8241E+03  1.8241E+03  1.8241E+03  1.8241E+03  1.8241E+03  1.8241E+03  1.8241E+03  1.8241E+03  1.8241E+03  1.8241E+03  1.8241E+03  1.8241E+03  1.8241E+03  1.8241E+03  1.8241E+03  1.8241E+03  1.8241E+03  1.8241E+03  1.8241E+03  1.8241E+03  1.8241E+03  1.8241E+03  1.8241E+03
  24871   4  2.1003E+01  2.1003E+01  2.1003E+01  2.1003E+01  2.1003E+01  2.1003E+01  2.1003E+01  2.1003E+01  2.1003E+01  2.1003E+01  2.1003E+01  2.1003E+01  2.1003E+01  2.1003E+01  2.1003E+01  2.1003E+01  2.1003E+01  2.1003E+01  2.1003E+01  2.1003E+01  2.1003E+01  2.1003E+01  2.1003E+01  2.1003E+01
  23814   4  2.6689E+00  2.6689E+00  2.6689E+00  2.6689E+00  2.6689E+00  2.6689E+00  2.6689E+00  2.6689E+00  2.6689E+00  2.6689E+00  2.6689E+00  2.6689E+00  2.6689E+00  2.6689E+00  2.6689E+00  2.6689E+00  2.6689E+00  2.6689E+00  2.6689E+00  2.6689E+00  2.6689E+00  2.6689E+00  2.6689E+00  2.6689E+00
  23813   4  5.7748E-01  5.7748E-01  5.7748E-01  5.7748E-01  5.7748E-01  5.7748E-01  5.7748E-01  5.7748E-01  5.7748E-01  5.7748E-01  5.7748E-01  5.7748E-01  5.7748E-01  5.7748E-01  5.7748E-01  5.7748E-01  5.7748E-01  5.7748E-01  5.7748E-01  5.7748E-01  5.7748E-01  5.7748E-01  5.7748E-01  5.7748E-01
  23458   4  8.7099E-04  8.7099E-04  8.7099E-04  8.7099E-04  8.7099E-04  8.7099E-04  8.7099E-04  8.7099E-04  8.7099E-04  8.7099E-04  8.7099E-04  8.7099E-04  8.7099E-04  8.7099E-04  8.7099E-04  8.7099E-04  8.7099E-04  8.7099E-04  8.7099E-04  8.7099E-04  8.7099E-04  8.7099E-04  8.7099E-04  8.7099E-04
  28064   4  3.4801E-02  3.4801E-02  3.4801E-02  3.4801E-02  3.4801E-02  3.4801E-02  3.4801E-02  3.4801E-02  3.4801E-02  3.4801E-02  3.4801E-02  3.4801E-02  3.4801E-02  3.4801E-02  3.4801E-02  3.4801E-02  3.4801E-02  3.4801E-02  3.4801E-02  3.4801E-02  3.4801E-02  3.4801E-02  3.4801E-02  3.4801E-02
  23464   4  1.4194E+02  1.4194E+02  1.4194E+02  1.4194E+02  1.4194E+02  1.4194E+02  1.4194E+02  1.4194E+02  1.4194E+02  1.4194E+02  1.4194E+02  1.4194E+02  1.4194E+02  1.4194E+02  1.4194E+02  1.4194E+02  1.4194E+02  1.4194E+02  1.4194E+02  1.4194E+02  1.4194E+02  1.4194E+02  1.4194E+02  1.4194E+02
  24519   4  6.0912E+00  6.0912E+00  6.0912E+00  6.0912E+00  6.0912E+00  6.0912E+00  6.0912E+00  6.0912E+00  6.0912E+00  6.0912E+00  6.0912E+00  6.0912E+00  6.0912E+00  6.0912E+00  6.0912E+00  6.0912E+00  6.0912E+00  6.0912E+00  6.0912E+00  6.0912E+00  6.0912E+00  6.0912E+00  6.0912E+00  6.0912E+00
  24518   4  3.6699E-01  3.6699E-01  3.6699E-01  3.6699E-01  3.6699E-01  3.6699E-01  3.6699E-01  3.6699E-01  3.6699E-01  3.6699E-01  3.6699E-01  3.6699E-01  3.6699E-01  3.6699E-01  3.6699E-01  3.6699E-01  3.6699E-01  3.6699E-01  3.6699E-01  3.6699E-01  3.6699E-01  3.6699E-01  3.6699E-01  3.6699E-01
  22745   4  6.1810E+02  6.1810E+02  6.1810E+02  6.1810E+02  6.1810E+02  6.1810E+02  6.1810E+02  6.1810E+02  6.1810E+02  6.1810E+02  6.1810E+02  6.1810E+02  6.1810E+02  6.1810E+02  6.1810E+02  6.1810E+02  6.1810E+02  6.1810E+02  6.1810E+02  6.1810E+02  6.1810E+02  6.1810E+02  6.1810E+02  6.1810E+02
  24163   4  1.8575E+02  1.8575E+02  1.8575E+02  1.8575E+02  1.8575E+02  1.8575E+02  1.8575E+02  1.8575E+02  1.8575E+02  1.8575E+02  1.8575E+02  1.8575E+02  1.8575E+02  1.8575E+02  1.8575E+02  1.8575E+02  1.8575E+02  1.8575E+02  1.8575E+02  1.8575E+02  1.8575E+02  1.8575E+02  1.8575E+02  1.8575E+02
  24517   4  2.5837E+00  2.5837E+00  2.5837E+00  2.5837E+00  2.5837E+00  2.5837E+00  2.5837E+00  2.5837E+00  2.5837E+00  2.5837E+00  2.5837E+00  2.5837E+00  2.5837E+00  2.5837E+00  2.5837E+00  2.5837E+00  2.5837E+00  2.5837E+00  2.5837E+00  2.5837E+00  2.5837E+00  2.5837E+00  2.5837E+00  2.5837E+00
  20280   4  4.8474E+01  4.8474E+01  4.8474E+01  4.8474E+01  4.8474E+01  4.8474E+01  4.8474E+01  4.8474E+01  4.8474E+01  4.8474E+01  4.8474E+01  4.8474E+01  4.8474E+01  4.8474E+01  4.8474E+01  4.8474E+01  4.8474E+01  4.8474E+01  4.8474E+01  4.8474E+01  4.8474E+01  4.8474E+01  4.8474E+01  4.8474E+01
  25575   4  1.1705E+03  1.1705E+03  1.1705E+03  1.1705E+03  1.1705E+03  1.1665E+03  1.1665E+03  1.1665E+03  1.1665E+03  1.1665E+03  1.1665E+03  1.1665E+03  1.1665E+03  1.1705E+03  1.1705E+03  1.1705E+03  1.1705E+03  1.1705E+03  1.1705E+03  1.1705E+03  1.1705E+03  1.1705E+03  1.1705E+03  1.1705E+03
  24868   4  2.0981E+00  2.0981E+00  2.0981E+00  2.0981E+00  2.0981E+00  2.0981E+00  2.0981E+00  2.0981E+00  2.0981E+00  2.0981E+00  2.0981E+00  2.0981E+00  2.0981E+00  2.0981E+00  2.0981E+00  2.0981E+00  2.0981E+00  2.0981E+00  2.0981E+00  2.0981E+00  2.0981E+00  2.0981E+00  2.0981E+00  2.0981E+00
  24869   4  4.3119E-01  4.3119E-01  4.3119E-01  4.3119E-01  4.3119E-01  4.3119E-01  4.3119E-01  4.3119E-01  4.3119E-01  4.3119E-01  4.3119E-01  4.3119E-01  4.3119E-01  4.3119E-01  4.3119E-01  4.3119E-01  4.3119E-01  4.3119E-01  4.3119E-01  4.3119E-01  4.3119E-01  4.3119E-01  4.3119E-01  4.3119E-01
  20686   3  2.1451E+03  2.1133E+03  1.9954E+03  1.8004E+03  1.5963E+03  1.3494E+03  1.2495E+03  1.1995E+03  1.1828E+03  1.2162E+03  1.3161E+03  1.4744E+03  1.6784E+03  1.8034E+03  1.9033E+03  1.9908E+03  2.0241E+03  2.0574E+03  2.0699E+03  2.0866E+03  2.0824E+03  2.0699E+03  2.0366E+03  1.9866E+03
  22095   3  5.8446E+03  5.8446E+03  5.8446E+03  5.8446E+03  5.8446E+03  5.8446E+03  5.8446E+03  5.8446E+03  5.8446E+03  5.8446E+03  5.8446E+03  5.8446E+03  5.8446E+03  5.8446E+03  5.8446E+03  5.8446E+03  5.8446E+03  5.8446E+03  5.8446E+03  5.8446E+03  5.8446E+03  5.8446E+03  5.8446E+03  5.8446E+03
  20684   3  7.1242E+00  7.1242E+00  7.1242E+00  7.1242E+00  7.1242E+00  7.1242E+00  7.1242E+00  7.1242E+00  7.1242E+00  7.1242E+00  7.1242E+00  7.1242E+00  7.1242E+00  2.1571E+02  2.1571E+02  2.1571E+02  2.1571E+02  2.1571E+02  2.1571E+02  2.1571E+02  2.1571E+02  7.1242E+00  7.1242E+00  7.1242E+00
  20683   7  7.3462E+02  7.2500E+02  6.8925E+02  6.3013E+02  5.6826E+02  4.9319E+02  4.6288E+02  4.4773E+02  4.4268E+02  4.5278E+02  4.8308E+02  5.3105E+02  5.9292E+02  1.3023E+03  1.3326E+03  1.3591E+03  1.3692E+03  1.3793E+03  1.3831E+03  1.3881E+03  1.3869E+03  7.1184E+02  7.0174E+02  6.8658E+02
  21036   3  2.8013E+01  2.8013E+01  2.8013E+01  2.8013E+01  2.8013E+01  2.1299E+01  2.1299E+01  2.1299E+01  2.1299E+01  2.1299E+01  2.1299E+01  2.1299E+01  2.1299E+01  2.8062E+01  2.8062E+01  2.8062E+01  2.8062E+01  2.8062E+01  2.8062E+01  2.8062E+01  2.8062E+01  2.8013E+01  2.8013E+01  2.8013E+01
  19275   3  1.7976E+02  1.7976E+02  1.7976E+02  1.7976E+02  1.7976E+02  1.7891E+02  1.7891E+02  1.7891E+02  1.7891E+02  1.7891E+02  1.7891E+02  1.7891E+02  1.7891E+02  1.7976E+02  1.7976E+02  1.7976E+02  1.7976E+02  1.7976E+02  1.7976E+02  1.7976E+02  1.7976E+02  1.7976E+02  1.7976E+02  1.7976E+02
  19274   3  3.2017E+00  3.2017E+00  3.2017E+00  3.2017E+00  3.2017E+00  2.5716E+00  2.5716E+00  2.5716E+00  2.5716E+00  2.5716E+00  2.5716E+00  2.5716E+00  2.5716E+00  3.2017E+00  3.2017E+00  3.2017E+00  3.2017E+00  3.2017E+00  3.2017E+00  3.2017E+00  3.2017E+00  3.2017E+00  3.2017E+00  3.2017E+00
  20331   2  2.3253E+03  2.3253E+03  2.3253E+03  2.3253E+03  2.3253E+03  1.0894E+03  1.0894E+03  1.0894E+03  1.0894E+03  1.0894E+03  1.0894E+03  1.0894E+03  1.0921E+03  2.6348E+03  2.6348E+03  2.6348E+03  2.6348E+03  2.6348E+03  2.6348E+03  2.6348E+03  2.6348E+03  2.3253E+03  2.3253E+03  2.3253E+03
  19971   2  3.8497E+00  3.8497E+00  3.8497E+00  3.8497E+00  3.8497E+00  3.8497E+00  3.8497E+00  3.8497E+00  3.8497E+00  3.8497E+00  3.8497E+00  3.8497E+00  3.8497E+00  3.8497E+00  3.8497E+00  3.8497E+00  3.8497E+00  3.8497E+00  3.8497E+00  3.8497E+00  3.8497E+00  3.8497E+00  3.8497E+00  3.8497E+00
  19628   2  4.2152E+02  4.2152E+02  4.2152E+02  4.2152E+02  4.2152E+02  2.1071E+01  2.1071E+01  2.1071E+01  2.1071E+01  2.1071E+01  2.1071E+01  2.1071E+01  2.1081E+01  4.2152E+02  4.2152E+02  4.2152E+02  4.2152E+02  4.2152E+02  4.2152E+02  4.2152E+02  4.2152E+02  4.2152E+02  4.2152E+02  4.2152E+02
  19267   2  1.6758E+02  1.6758E+02  1.6758E+02  1.6758E+02  1.6758E+02  1.6758E+02  1.6758E+02  1.6758E+02  1.6758E+02  1.6758E+02  1.6758E+02  1.6758E+02  1.6758E+02  4.7531E+02  4.7531E+02  4.7531E+02  4.7531E+02  4.7531E+02  4.7531E+02  4.7531E+02  4.7531E+02  1.6758E+02  1.6758E+02  1.6758E+02
  19620   3  1.2862E+02  1.2862E+02  1.2862E+02  1.2862E+02  1.2862E+02  9.4898E+00  9.4898E+00  9.4898E+00  9.4898E+00  9.4898E+00  9.4898E+00  9.4898E+00  9.4898E+00  1.2862E+02  1.2862E+02  1.2862E+02  1.2862E+02  1.2862E+02  1.2862E+02  1.2862E+02  1.2862E+02  1.2862E+02  1.2862E+02  1.2862E+02
  18913   3  1.7809E-01  1.7809E-01  1.7809E-01  1.7809E-01  1.7809E-01  1.7809E-01  1.7809E-01  1.7809E-01  1.7809E-01  1.7809E-01  1.7809E-01  1.7809E-01  1.7809E-01  1.7809E-01  1.7809E-01  1.7809E-01  1.7809E-01  1.7809E-01  1.7809E-01  1.7809E-01  1.7809E-01  1.7809E-01  1.7809E-01  1.7809E-01
  19975   7  5.7076E+03  5.7076E+03  5.7076E+03  5.7076E+03  5.7076E+03  2.6814E+02  2.6814E+02  2.6814E+02  2.6814E+02  2.6814E+02  2.6814E+02  2.6814E+02  2.6814E+02  5.7391E+03  5.7391E+03  5.7391E+03  5.7391E+03  5.7391E+03  5.7391E+03  5.7391E+03  5.7391E+03  5.7076E+03  5.7076E+03  5.7076E+03
  19979   4  4.3755E+01  4.3755E+01  4.3755E+01  4.3755E+01  4.3755E+01  4.3755E+01  4.3755E+01  4.3755E+01  4.3755E+01  4.3755E+01  4.3755E+01  4.3755E+01  4.3755E+01  2.1062E+02  2.1062E+02  2.1062E+02  2.1062E+02  2.1062E+02  2.1062E+02  2.1062E+02  2.1062E+02  4.3755E+01  4.3755E+01  4.3755E+01
  20681   4  9.1456E+01  9.1456E+01  9.1456E+01  9.1456E+01  9.1456E+01  9.1456E+01  9.1456E+01  9.1456E+01  9.1456E+01  9.1456E+01  9.1456E+01  9.1456E+01  9.1456E+01  9.1456E+01  9.1456E+01  9.1456E+01  9.1456E+01  9.1456E+01  9.1456E+01  9.1456E+01  9.1456E+01  9.1456E+01  9.1456E+01  9.1456E+01
  18915   2  6.6719E-01  6.6719E-01  6.6719E-01  6.6719E-01  6.6719E-01  6.6719E-01  6.6719E-01  6.6719E-01  6.6719E-01  6.6719E-01  6.6719E-01  6.6719E-01  6.6719E-01  6.6719E-01  6.6719E-01  6.6719E-01  6.6719E-01  6.6719E-01  6.6719E-01  6.6719E-01  6.6719E-01  6.6719E-01  6.6719E-01  6.6719E-01
  21038   2  1.1292E+01  1.1292E+01  1.1292E+01  1.1292E+01  1.1292E+01  1.1292E+01  1.1292E+01  1.1292E+01  1.1292E+01  1.1292E+01  1.1292E+01  1.1292E+01  1.1292E+01  1.1292E+01  1.1292E+01  1.1292E+01  1.1292E+01  1.1292E+01  1.1292E+01  1.1292E+01  1.1292E+01  1.1292E+01  1.1292E+01  1.1292E+01
  18562   3  2.7323E+01  2.7323E+01  2.7323E+01  2.7323E+01  2.7323E+01  2.7323E+01  2.7323E+01  2.7323E+01  2.7323E+01  2.7323E+01  2.7323E+01  2.7323E+01  2.7323E+01  2.7323E+01  2.7323E+01  2.7323E+01  2.7323E+01  2.7323E+01  2.7323E+01  2.7323E+01  2.7323E+01  2.7323E+01  2.7323E+01  2.7323E+01
  19266   2  1.0294E+00  1.0294E+00  1.0294E+00  1.0294E+00  1.0294E+00  1.0294E+00  1.0294E+00  1.0294E+00  1.0294E+00  1.0294E+00  1.0294E+00  1.0294E+00  1.0294E+00  1.0294E+00  1.0294E+00  1.0294E+00  1.0294E+00  1.0294E+00  1.0294E+00  1.0294E+00  1.0294E+00  1.0294E+00  1.0294E+00  1.0294E+00
  19265   2  4.2132E+01  4.2132E+01  4.2132E+01  4.2132E+01  4.2132E+01  4.1521E+01  4.1521E+01  4.1521E+01  4.1521E+01  4.1521E+01  4.1521E+01  4.1521E+01  4.2132E+01  7.4285E+02  7.4285E+02  7.4285E+02  7.4285E+02  7.4285E+02  7.4285E+02  7.4285E+02  7.4285E+02  4.2132E+01  4.2132E+01  4.2132E+01
  18912   3  1.1906E-03  1.1906E-03  1.1906E-03  1.1906E-03  1.1906E-03  1.1906E-03  1.1906E-03  1.1906E-03  1.1906E-03  1.1906E-03  1.1906E-03  1.1906E-03  1.1906E-03  1.1906E-03  1.1906E-03  1.1906E-03  1.1906E-03  1.1906E-03  1.1906E-03  1.1906E-03  1.1906E-03  1.1906E-03  1.1906E-03  1.1906E-03
  20682   2  9.2546E+01  9.2546E+01  9.2546E+01  9.2546E+01  9.2546E+01  9.0711E+01  9.0711E+01  9.0711E+01  9.0711E+01  9.0711E+01  9.0711E+01  9.0711E+01  9.0711E+01  5.6535E+02  5.6535E+02  5.6535E+02  5.6535E+02  5.6535E+02  5.6535E+02  5.6535E+02  5.6535E+02  9.2546E+01  9.2546E+01  9.2546E+01
  21035   2  3.5068E-03  3.5068E-03  3.5068E-03  3.5068E-03  3.5068E-03  3.5068E-03  3.5068E-03  3.5068E-03  3.5068E-03  3.5068E-03  3.5068E-03  3.5068E-03  3.5068E-03  3.5068E-03  3.5068E-03  3.5068E-03  3.5068E-03  3.5068E-03  3.5068E-03  3.5068E-03  3.5068E-03  3.5068E-03  3.5068E-03  3.5068E-03
  20665   2  3.4842E+00  3.4842E+00  3.4842E+00  3.4842E+00  3.4842E+00  3.4842E+00  3.4842E+00  3.4842E+00  3.4842E+00  3.4842E+00  3.4842E+00  3.4842E+00  3.4842E+00  3.4842E+00  3.4842E+00  3.4842E+00  3.4842E+00  3.4842E+00  3.4842E+00  3.4842E+00  3.4842E+00  3.4842E+00  3.4842E+00  3.4842E+00
  21015   2  3.5424E-01  3.5424E-01  3.5424E-01  3.5424E-01  3.5424E-01  3.5424E-01  3.5424E-01  3.5424E-01  3.5424E-01  3.5424E-01  3.5424E-01  3.5424E-01  3.5424E-01  3.5424E-01  3.5424E-01  3.5424E-01  3.5424E-01  3.5424E-01  3.5424E-01  3.5424E-01  3.5424E-01  3.5424E-01  3.5424E-01  3.5424E-01
  13938   2  2.3982E+01  2.3982E+01  2.3982E+01  2.3982E+01  7.3351E+00  7.3351E+00  7.3351E+00  7.3351E+00  2.3982E+01  2.3982E+01  2.3982E+01  2.3982E+01  2.3982E+01  2.3982E+01  2.3982E+01  2.3982E+01  2.3982E+01  2.3982E+01  2.3982E+01  2.3982E+01  2.3982E+01  2.3982E+01  2.3982E+01  2.3982E+01
  13235   2  6.1771E+03  6.1771E+03  6.1771E+03  6.1771E+03  6.1771E+03  6.1771E+03  6.1771E+03  6.1771E+03  6.1771E+03  6.1771E+03  6.1771E+03  6.1771E+03  6.1771E+03  6.1771E+03  6.1771E+03  6.1771E+03  6.1771E+03  6.1771E+03  6.1771E+03  6.1771E+03  6.1771E+03  6.1771E+03  6.1771E+03  6.1771E+03
  21012   2  5.1073E+01  5.1073E+01  5.1073E+01  5.1073E+01  5.1073E+01  5.1073E+01  5.1073E+01  5.1073E+01  5.1073E+01  5.1073E+01  5.1073E+01  5.1073E+01  5.1073E+01  5.1073E+01  5.1073E+01  5.1073E+01  5.1073E+01  5.1073E+01  5.1073E+01  5.1073E+01  5.1073E+01  5.1073E+01  5.1073E+01  5.1073E+01
  20658   2  9.6602E+00  9.6602E+00  9.6602E+00  9.6602E+00  9.6602E+00  9.6602E+00  9.6602E+00  9.6602E+00  9.6602E+00  9.6602E+00  9.6602E+00  9.6602E+00  9.6602E+00  9.6602E+00  9.6602E+00  9.6602E+00  9.6602E+00  9.6602E+00  9.6602E+00  9.6602E+00  9.6602E+00  9.6602E+00  9.6602E+00  9.6602E+00
  21013   2  7.7064E+01  7.7064E+01  7.7064E+01  7.7064E+01  7.7064E+01  7.7064E+01  7.7064E+01  7.7064E+01  7.7064E+01  7.7064E+01  7.7064E+01  7.7064E+01  7.7064E+01  7.7064E+01  7.7064E+01  7.7064E+01  7.7064E+01  7.7064E+01  7.7064E+01  7.7064E+01  7.7064E+01  7.7064E+01  7.7064E+01  7.7064E+01
  20659   1  1.7615E+01  1.7615E+01  1.7615E+01  1.7615E+01  1.7615E+01  1.7615E+01  1.7615E+01  1.7615E+01  1.7615E+01  1.7615E+01  1.7615E+01  1.7615E+01  1.7615E+01  1.7615E+01  1.7615E+01  1.7615E+01  1.7615E+01  1.7615E+01  1.7615E+01  1.7615E+01  1.7615E+01  1.7615E+01  1.7615E+01  1.7615E+01
  18891   2  2.3148E-02  2.3148E-02  2.3148E-02  2.3148E-02  2.3148E-02  2.3148E-02  2.3148E-02  2.3148E-02  2.3148E-02  2.3148E-02  2.3148E-02  2.3148E-02  2.3148E-02  2.3148E-02  2.3148E-02  2.3148E-02  2.3148E-02  2.3148E-02  2.3148E-02  2.3148E-02  2.3148E-02  2.3148E-02  2.3148E-02  2.3148E-02
  19590   3  6.0788E+00  6.0788E+00  6.0788E+00  6.0788E+00  6.0788E+00  6.0788E+00  6.0788E+00  6.0788E+00  6.0788E+00  6.0788E+00  6.0788E+00  6.0788E+00  6.0788E+00  6.0788E+00  6.0788E+00  6.0788E+00  6.0788E+00  6.0788E+00  6.0788E+00  6.0788E+00  6.0788E+00  6.0788E+00  6.0788E+00  6.0788E+00
  19610   3  3.2782E+00  3.2782E+00  3.2782E+00  3.2782E+00  3.2782E+00  3.2782E+00  3.2782E+00  3.2782E+00  3.2782E+00  3.2782E+00  3.2782E+00  3.2782E+00  3.2782E+00  3.2782E+00  3.2782E+00  3.2782E+00  3.2782E+00  3.2782E+00  3.2782E+00  3.2782E+00  3.2782E+00  3.2782E+00  3.2782E+00  3.2782E+00
  17156   4  1.3040E+03  1.3040E+03  1.3040E+03  1.3040E+03  1.3040E+03  1.2999E+03  1.2999E+03  1.2999E+03  1.2999E+03  1.2999E+03  1.2999E+03  1.2999E+03  1.2999E+03  1.3040E+03  1.3040E+03  1.3040E+03  1.3040E+03  1.3040E+03  1.3040E+03  1.3040E+03  1.3040E+03  1.3040E+03  1.3040E+03  1.3040E+03
  17506   3  2.5442E+02  2.5442E+02  2.5442E+02  2.5442E+02  2.5442E+02  2.5442E+02  2.5442E+02  2.5442E+02  2.5442E+02  2.5442E+02  2.5442E+02  2.5442E+02  2.5442E+02  2.7281E+02  2.7281E+02  2.7281E+02  2.7281E+02  2.7281E+02  2.7281E+02  2.7281E+02  2.7281E+02  2.5442E+02  2.5442E+02  2.5442E+02
  18212   3  8.2880E+01  8.2880E+01  8.2880E+01  8.2880E+01  8.2880E+01  8.2880E+01  8.2880E+01  8.2880E+01  8.2880E+01  8.2880E+01  8.2880E+01  8.2880E+01  8.2880E+01  8.2880E+01  8.2880E+01  8.2880E+01  8.2880E+01  8.2880E+01  8.2880E+01  8.2880E+01  8.2880E+01  8.2880E+01  8.2880E+01  8.2880E+01
  17510   3  4.3110E+02  4.3110E+02  4.3110E+02  4.3110E+02  4.3110E+02  4.3110E+02  4.3110E+02  4.3110E+02  4.3110E+02  4.3110E+02  4.3110E+02  4.3110E+02  4.3110E+02  4.3110E+02  4.3110E+02  4.3110E+02  4.3110E+02  4.3110E+02  4.3110E+02  4.3110E+02  4.3110E+02  4.3110E+02  4.3110E+02  4.3110E+02
  32968   4  1.0413E-01  1.0413E-01  1.0413E-01  1.0413E-01  1.0413E-01  1.0413E-01  1.0413E-01  1.0413E-01  1.0413E-01  1.0413E-01  1.0413E-01  1.0413E-01  1.0413E-01  1.0413E-01  1.0413E-01  1.0413E-01  1.0413E-01  1.0413E-01  1.0413E-01  1.0413E-01  1.0413E-01  1.0413E-01  1.0413E-01  1.0413E-01
  16476   3  4.5329E+00  4.5329E+00  4.5329E+00  4.5329E+00  4.5329E+00  4.5329E+00  4.5329E+00  4.5329E+00  4.5329E+00  4.5329E+00  4.5329E+00  4.5329E+00  4.5329E+00  4.5329E+00  4.5329E+00  4.5329E+00  4.5329E+00  4.5329E+00  4.5329E+00  4.5329E+00  4.5329E+00  4.5329E+00  4.5329E+00  4.5329E+00
   7320   4  1.1719E-01  1.1719E-01  1.1719E-01  1.1719E-01  1.1719E-01  1.1719E-01  1.1719E-01  1.1719E-01  1.1719E-01  1.1719E-01  1.1719E-01  1.1719E-01  1.1719E-01  1.1719E-01  1.1719E-01  1.1719E-01  1.1719E-01  1.1719E-01  1.1719E-01  1.1719E-01  1.1719E-01  1.1719E-01  1.1719E-01  1.1719E-01
  10496   4  6.7657E+03  6.7657E+03  6.7657E+03  6.7657E+03  6.7657E+03  6.7657E+03  6.7657E+03  6.7657E+03  6.7657E+03  6.7657E+03  6.7657E+03  6.7657E+03  6.7657E+03  6.7657E+03  6.7657E+03  6.7657E+03  6.7657E+03  6.7657E+03  6.7657E+03  6.7657E+03  6.7657E+03  6.7657E+03  6.7657E+03  6.7657E+03
  10122   7  3.3874E+01  3.3874E+01  3.3874E+01  3.3874E+01  3.3874E+01  3.3874E+01  3.3874E+01  3.3874E+01  3.3874E+01  3.3874E+01  3.3874E+01  3.3874E+01  3.3874E+01  3.3874E+01  3.3874E+01  3.3874E+01  3.3874E+01  3.3874E+01  3.3874E+01  3.3874E+01  3.3874E+01  3.3874E+01  3.3874E+01  3.3874E+01
   6258   4  2.2571E+04  2.2571E+04  2.2571E+04  2.2571E+04  2.2571E+04  2.2571E+04  2.2571E+04  2.2571E+04  2.2571E+04  2.2571E+04  2.2571E+04  2.2571E+04  2.2571E+04  2.2571E+04  2.2571E+04  2.2571E+04  2.2571E+04  2.2571E+04  2.2571E+04  2.2571E+04  2.2571E+04  2.2571E+04  2.2571E+04  2.2571E+04
  11525   3  3.6473E+01  3.6473E+01  3.6473E+01  3.6473E+01  3.6473E+01  3.6473E+01  3.6473E+01  3.6473E+01  3.6473E+01  3.6473E+01  3.6473E+01  3.6473E+01  3.6473E+01  3.6473E+01  3.6473E+01  3.6473E+01  3.6473E+01  3.6473E+01  3.6473E+01  3.6473E+01  3.6473E+01  3.6473E+01  3.6473E+01  3.6473E+01
  11870   8  6.1576E+01  6.1576E+01  6.1576E+01  6.1576E+01  6.1576E+01  6.1576E+01  6.1576E+01  6.1576E+01  6.1576E+01  6.1576E+01  6.1576E+01  6.1576E+01  6.1576E+01  6.1576E+01  6.1576E+01  6.1576E+01  6.1576E+01  6.1576E+01  6.1576E+01  6.1576E+01  6.1576E+01  6.1576E+01  6.1576E+01  6.1576E+01
  18579   2  1.0643E+04  1.0643E+04  1.0643E+04  1.0643E+04  1.0643E+04  1.0643E+04  1.0643E+04  1.0643E+04  1.0643E+04  1.0643E+04  1.0643E+04  1.0643E+04  1.0643E+04  1.0643E+04  1.0643E+04  1.0643E+04  1.0643E+04  1.0643E+04  1.0643E+04  1.0643E+04  1.0643E+04  1.0643E+04  1.0643E+04  1.0643E+04
  18225   2  1.1158E+02  1.1158E+02  1.1158E+02  1.1158E+02  1.1158E+02  1.1158E+02  1.1158E+02  1.1158E+02  1.1158E+02  1.1158E+02  1.1158E+02  1.1158E+02  1.1158E+02  1.1162E+02  1.1162E+02  1.1162E+02  1.1162E+02  1.1162E+02  1.1162E+02  1.1162E+02  1.1162E+02  1.1158E+02  1.1158E+02  1.1158E+02
  18576   2  8.8061E+03  8.8061E+03  8.8061E+03  8.8061E+03  8.8061E+03  8.8061E+03  8.8061E+03  8.8061E+03  8.8061E+03  8.8061E+03  8.8061E+03  8.8061E+03  8.8061E+03  8.8061E+03  8.8061E+03  8.8061E+03  8.8061E+03  8.8061E+03  8.8061E+03  8.8061E+03  8.8061E+03  8.8061E+03  8.8061E+03  8.8061E+03
  22115   3  1.8772E+00  1.8772E+00  1.8772E+00  1.8772E+00  1.8772E+00  1.8772E+00  1.8772E+00  1.8772E+00  1.8772E+00  1.8772E+00  1.8772E+00  1.8772E+00  1.8772E+00  1.8772E+00  1.8772E+00  1.8772E+00  1.8772E+00  1.8772E+00  1.8772E+00  1.8772E+00  1.8772E+00  1.8772E+00  1.8772E+00  1.8772E+00
  15750   3  3.9485E+01  3.9485E+01  3.9485E+01  3.9485E+01  3.9485E+01  3.9485E+01  3.9485E+01  3.9485E+01  3.9485E+01  3.9485E+01  3.9485E+01  3.9485E+01  3.9485E+01  3.9485E+01  3.9485E+01  3.9485E+01  3.9485E+01  3.9485E+01  3.9485E+01  3.9485E+01  3.9485E+01  3.9485E+01  3.9485E+01  3.9485E+01
  16455   3  4.4228E+02  4.4228E+02  4.4228E+02  4.4228E+02  4.4228E+02  4.4228E+02  4.4228E+02  4.4228E+02  4.4228E+02  4.4228E+02  4.4228E+02  4.4228E+02  4.4228E+02  4.4228E+02  4.4228E+02  4.4228E+02  4.4228E+02  4.4228E+02  4.4228E+02  4.4228E+02  4.4228E+02  4.4228E+02  4.4228E+02  4.4228E+02
  18223   2  6.3968E+02  6.3968E+02  6.3968E+02  6.3968E+02  6.3968E+02  5.7792E+02  5.7792E+02  5.7792E+02  5.7792E+02  5.7792E+02  5.7792E+02  5.7792E+02  5.7792E+02  6.5348E+02  6.5348E+02  6.5348E+02  6.5348E+02  6.5348E+02  6.5348E+02  6.5348E+02  6.5348E+02  6.3968E+02  6.3968E+02  6.3968E+02
  18224   2  1.0934E+03  1.0934E+03  1.0934E+03  1.0934E+03  1.0934E+03  4.8729E+02  4.8729E+02  4.8729E+02  4.8729E+02  4.8729E+02  4.8729E+02  4.8729E+02  4.8729E+02  1.0934E+03  1.0934E+03  1.0934E+03  1.0934E+03  1.0934E+03  1.0934E+03  1.0934E+03  1.0934E+03  1.0934E+03  1.0934E+03  1.0934E+03
  18930   3  8.5065E+03  8.5065E+03  8.5065E+03  8.5065E+03  8.5065E+03  8.5065E+03  8.5065E+03  8.5065E+03  8.5065E+03  8.5065E+03  8.5065E+03  8.5065E+03  8.5065E+03  8.5065E+03  8.5065E+03  8.5065E+03  8.5065E+03  8.5065E+03  8.5065E+03  8.5065E+03  8.5065E+03  8.5065E+03  8.5065E+03  8.5065E+03
  18577   3  4.4036E+00  4.4036E+00  4.4036E+00  4.4036E+00  4.4036E+00  4.4036E+00  4.4036E+00  4.4036E+00  4.4036E+00  4.4036E+00  4.4036E+00  4.4036E+00  4.4036E+00  4.4309E+00  4.4309E+00  4.4309E+00  4.4309E+00  4.4309E+00  4.4309E+00  4.4309E+00  4.4309E+00  4.4036E+00  4.4036E+00  4.4036E+00
  18222   3  4.2386E+01  4.2386E+01  4.2386E+01  4.2386E+01  4.2386E+01  3.4566E+01  3.4566E+01  3.4566E+01  3.4566E+01  3.4566E+01  3.4566E+01  3.4566E+01  3.4566E+01  3.9580E+02  3.9580E+02  3.9580E+02  3.9580E+02  3.9580E+02  3.9580E+02  3.9580E+02  3.9580E+02  4.2386E+01  4.2386E+01  4.2386E+01
  18928   4  7.2443E+03  7.2443E+03  7.2443E+03  7.2443E+03  7.2443E+03  7.2443E+03  7.2443E+03  7.2443E+03  7.2443E+03  7.2443E+03  7.2443E+03  7.2443E+03  7.2443E+03  7.2443E+03  7.2443E+03  7.2443E+03  7.2443E+03  7.2443E+03  7.2443E+03  7.2443E+03  7.2443E+03  7.2443E+03  7.2443E+03  7.2443E+03
  18575   4  1.5446E+02  1.5446E+02  1.5446E+02  1.5446E+02  1.5446E+02  1.5446E+02  1.5446E+02  1.5446E+02  1.5446E+02  1.5446E+02  1.5446E+02  1.5446E+02  1.5446E+02  1.5446E+02  1.5446E+02  1.5446E+02  1.5446E+02  1.5446E+02  1.5446E+02  1.5446E+02  1.5446E+02  1.5446E+02  1.5446E+02  1.5446E+02
  15401   3  6.1023E+03  6.1023E+03  6.1023E+03  6.1023E+03  6.1023E+03  6.1023E+03  6.1023E+03  6.1023E+03  6.1023E+03  6.1023E+03  6.1023E+03  6.1023E+03  6.1023E+03  6.1023E+03  6.1023E+03  6.1023E+03  6.1023E+03  6.1023E+03  6.1023E+03  6.1023E+03  6.1023E+03  6.1023E+03  6.1023E+03  6.1023E+03
  15762   4  1.5673E+01  1.5673E+01  1.5673E+01  1.5673E+01  1.5673E+01  1.5673E+01  1.5673E+01  1.5673E+01  1.5673E+01  1.5673E+01  1.5673E+01  1.5673E+01  1.5673E+01  1.5673E+01  1.5673E+01  1.5673E+01  1.5673E+01  1.5673E+01  1.5673E+01  1.5673E+01  1.5673E+01  1.5673E+01  1.5673E+01  1.5673E+01
  18227   4  1.3276E+02  1.3276E+02  1.3276E+02  1.3276E+02  1.3276E+02  1.3276E+02  1.3276E+02  1.3276E+02  1.3276E+02  1.3276E+02  1.3276E+02  1.3276E+02  1.3276E+02  1.3276E+02  1.3276E+02  1.3276E+02  1.3276E+02  1.3276E+02  1.3276E+02  1.3276E+02  1.3276E+02  1.3276E+02  1.3276E+02  1.3276E+02
  21763   4  2.5321E+02  2.5321E+02  2.5321E+02  2.5321E+02  2.5321E+02  2.5321E+02  2.5321E+02  2.5321E+02  2.5321E+02  2.5321E+02  2.5321E+02  2.5321E+02  2.5321E+02  2.5321E+02  2.5321E+02  2.5321E+02  2.5321E+02  2.5321E+02  2.5321E+02  2.5321E+02  2.5321E+02  2.5321E+02  2.5321E+02  2.5321E+02
  25974   4  2.8460E+01  2.8460E+01  2.8460E+01  2.8460E+01  2.8460E+01  2.8460E+01  2.8460E+01  2.8460E+01  2.8460E+01  2.8460E+01  2.8460E+01  2.8460E+01  2.8460E+01  2.8460E+01  2.8460E+01  2.8460E+01  2.8460E+01  2.8460E+01  2.8460E+01  2.8460E+01  2.8460E+01  2.8460E+01  2.8460E+01  2.8460E+01
  25262   4  4.0277E-03  4.0277E-03  4.0277E-03  4.0277E-03  4.0277E-03  4.0277E-03  4.0277E-03  4.0277E-03  4.0277E-03  4.0277E-03  4.0277E-03  4.0277E-03  4.0277E-03  4.0277E-03  4.0277E-03  4.0277E-03  4.0277E-03  4.0277E-03  4.0277E-03  4.0277E-03  4.0277E-03  4.0277E-03  4.0277E-03  4.0277E-03
  24551   4  4.4060E-01  4.4060E-01  4.4060E-01  4.4060E-01  4.4060E-01  4.4060E-01  4.4060E-01  4.4060E-01  4.4060E-01  4.4060E-01  4.4060E-01  4.4060E-01  4.4060E-01  4.4060E-01  4.4060E-01  4.4060E-01  4.4060E-01  4.4060E-01  4.4060E-01  4.4060E-01  4.4060E-01  4.4060E-01  4.4060E-01  4.4060E-01
  24911   4  1.5456E+03  1.5456E+03  1.5456E+03  1.5456E+03  1.5456E+03  1.5456E+03  1.5456E+03  1.5456E+03  1.5456E+03  1.5456E+03  1.5456E+03  1.5456E+03  1.5456E+03  1.5456E+03  1.5456E+03  1.5456E+03  1.5456E+03  1.5456E+03  1.5456E+03  1.5456E+03  1.5456E+03  1.5456E+03  1.5456E+03  1.5456E+03
  24906   3  6.3548E-03  6.3548E-03  6.3548E-03  6.3548E-03  6.3548E-03  6.3548E-03  6.3548E-03  6.3548E-03  6.3548E-03  6.3548E-03  6.3548E-03  6.3548E-03  6.3548E-03  6.3548E-03  6.3548E-03  6.3548E-03  6.3548E-03  6.3548E-03  6.3548E-03  6.3548E-03  6.3548E-03  6.3548E-03  6.3548E-03  6.3548E-03
  24201   3  1.0123E+03  9.9733E+02  9.4169E+02  8.4967E+02  7.5335E+02  6.3682E+02  5.8965E+02  5.6606E+02  5.5820E+02  5.7392E+02  6.2109E+02  6.9579E+02  7.9209E+02  8.5106E+02  8.9823E+02  9.3950E+02  9.5523E+02  9.7096E+02  9.7685E+02  9.8472E+02  9.8275E+02  9.7685E+02  9.6112E+02  9.3754E+02
  24904   3  3.4854E+03  3.4854E+03  3.4854E+03  3.4854E+03  3.4854E+03  3.3497E+03  3.3497E+03  3.3497E+03  3.3497E+03  3.3497E+03  3.3497E+03  3.3497E+03  3.3497E+03  3.5419E+03  3.5419E+03  3.5419E+03  3.5419E+03  3.5419E+03  3.5419E+03  3.5419E+03  3.5419E+03  3.4854E+03  3.4854E+03  3.4854E+03
  25257   3  1.5782E+02  1.5782E+02  1.5782E+02  1.5782E+02  1.5782E+02  1.5782E+02  1.5782E+02  1.5782E+02  1.5782E+02  1.5782E+02  1.5782E+02  1.5782E+02  1.5782E+02  1.5782E+02  1.5782E+02  1.5782E+02  1.5782E+02  1.5782E+02  1.5782E+02  1.5782E+02  1.5782E+02  1.5782E+02  1.5782E+02  1.5782E+02
  23850   3  2.2724E+03  2.2724E+03  2.2724E+03  2.2724E+03  2.2724E+03  2.2724E+03  2.2724E+03  2.2724E+03  2.2724E+03  2.2724E+03  2.2724E+03  2.2724E+03  2.2724E+03  2.2768E+03  2.2768E+03  2.2768E+03  2.2768E+03  2.2768E+03  2.2768E+03  2.2768E+03  2.2768E+03  2.2724E+03  2.2724E+03  2.2724E+03
  25616   3  2.0312E+02  2.0312E+02  2.0312E+02  2.0312E+02  2.0312E+02  2.0312E+02  2.0312E+02  2.0312E+02  2.0312E+02  2.0312E+02  2.0312E+02  2.0312E+02  2.0312E+02  2.0312E+02  2.0312E+02  2.0312E+02  2.0312E+02  2.0312E+02  2.0312E+02  2.0312E+02  2.0312E+02  2.0312E+02  2.0312E+02  2.0312E+02
  30355   4  1.1383E+03  1.1214E+03  1.0588E+03  9.5537E+02  8.4708E+02  7.1605E+02  6.6300E+02  6.3648E+02  6.2764E+02  6.4532E+02  6.9837E+02  7.8235E+02  8.9064E+02  9.5694E+02  1.0100E+03  1.0564E+03  1.0741E+03  1.0917E+03  1.0984E+03  1.1072E+03  1.1050E+03  1.0984E+03  1.0807E+03  1.0542E+03
  31274   4  2.1759E+04  2.1759E+04  2.1759E+04  2.1759E+04  2.1759E+04  2.1759E+04  2.1759E+04  2.1759E+04  2.1759E+04  2.1759E+04  2.1759E+04  2.1759E+04  2.1759E+04  2.1759E+04  2.1759E+04  2.1759E+04  2.1759E+04  2.1759E+04  2.1759E+04  2.1759E+04  2.1759E+04  2.1759E+04  2.1759E+04  2.1759E+04
  30921   4  2.1650E+00  2.1650E+00  2.1650E+00  2.1650E+00  2.1650E+00  2.1650E+00  2.1650E+00  2.1650E+00  2.1650E+00  2.1650E+00  2.1650E+00  2.1650E+00  2.1650E+00  2.1650E+00  2.1650E+00  2.1650E+00  2.1650E+00  2.1650E+00  2.1650E+00  2.1650E+00  2.1650E+00  2.1650E+00  2.1650E+00  2.1650E+00
  35839   3  1.6186E+00  1.6186E+00  1.6186E+00  1.6186E+00  1.6186E+00  1.6186E+00  1.6186E+00  1.6186E+00  1.6186E+00  1.6186E+00  1.6186E+00  1.6186E+00  1.6186E+00  1.6186E+00  1.6186E+00  1.6186E+00  1.6186E+00  1.6186E+00  1.6186E+00  1.6186E+00  1.6186E+00  1.6186E+00  1.6186E+00  1.6186E+00
  31605   3  1.9530E+01  1.9530E+01  1.9530E+01  1.9530E+01  1.9530E+01  1.9530E+01  1.9530E+01  1.9530E+01  1.9530E+01  1.9530E+01  1.9530E+01  1.9530E+01  1.9530E+01  1.9530E+01  1.9530E+01  1.9530E+01  1.9530E+01  1.9530E+01  1.9530E+01  1.9530E+01  1.9530E+01  1.9530E+01  1.9530E+01  1.9530E+01
  31252   3  1.7745E+03  1.7745E+03  1.7745E+03  1.7745E+03  1.7745E+03  1.7745E+03  1.7745E+03  1.7745E+03  1.7745E+03  1.7745E+03  1.7745E+03  1.7745E+03  1.7745E+03  1.7745E+03  1.7745E+03  1.7745E+03  1.7745E+03  1.7745E+03  1.7745E+03  1.7745E+03  1.7745E+03  1.7745E+03  1.7745E+03  1.7745E+03
  31958   4  5.0126E+02  5.0126E+02  5.0126E+02  5.0126E+02  5.0126E+02  5.0126E+02  5.0126E+02  5.0126E+02  5.0126E+02  5.0126E+02  5.0126E+02  5.0126E+02  5.0126E+02  5.0126E+02  5.0126E+02  5.0126E+02  5.0126E+02  5.0126E+02  5.0126E+02  5.0126E+02  5.0126E+02  5.0126E+02  5.0126E+02  5.0126E+02
  31959   4  1.4823E+02  1.4823E+02  1.4823E+02  1.4823E+02  1.4823E+02  1.4822E+02  1.4822E+02  1.4822E+02  1.4822E+02  1.4822E+02  1.4822E+02  1.4822E+02  1.4822E+02  1.4823E+02  1.4823E+02  1.4823E+02  1.4823E+02  1.4823E+02  1.4823E+02  1.4823E+02  1.4823E+02  1.4823E+02  1.4823E+02  1.4823E+02
  30924   4  1.2061E+04  1.2061E+04  1.2061E+04  1.2061E+04  1.2061E+04  1.2061E+04  1.2061E+04  1.2061E+04  1.2061E+04  1.2061E+04  1.2061E+04  1.2061E+04  1.2061E+04  1.2061E+04  1.2061E+04  1.2061E+04  1.2061E+04  1.2061E+04  1.2061E+04  1.2061E+04  1.2061E+04  1.2061E+04  1.2061E+04  1.2061E+04
  47753   4  3.9160E+01  3.9160E+01  3.9160E+01  3.9160E+01  3.9160E+01  3.9160E+01  3.9160E+01  3.9160E+01  3.9160E+01  3.9160E+01  3.9160E+01  3.9160E+01  3.9160E+01  3.9160E+01  3.9160E+01  3.9160E+01  3.9160E+01  3.9160E+01  3.9160E+01  3.9160E+01  3.9160E+01  3.9160E+01  3.9160E+01  3.9160E+01
  43182   4  2.8864E+00  2.8864E+00  2.8864E+00  2.8864E+00  2.8864E+00  2.1671E+00  2.1671E+00  2.1671E+00  2.1671E+00  2.1671E+00  2.1671E+00  2.1671E+00  2.1671E+00  2.7596E+03  2.7596E+03  2.7596E+03  2.7596E+03  2.7596E+03  2.7596E+03  2.7596E+03  2.7596E+03  2.8864E+00  2.8864E+00  2.8864E+00
  36485   4  6.2534E+00  6.2534E+00  6.2534E+00  6.2534E+00  6.2534E+00  3.0667E+00  3.0667E+00  3.0667E+00  3.0667E+00  3.0667E+00  3.0667E+00  3.0667E+00  3.0667E+00  1.2370E+03  1.2370E+03  1.2370E+03  1.2370E+03  1.2370E+03  1.2370E+03  1.2370E+03  1.2370E+03  6.2534E+00  6.2534E+00  6.2534E+00
  35437   3  4.2732E+01  4.2732E+01  4.2732E+01  4.2732E+01  4.2732E+01  4.2732E+01  4.2732E+01  4.2732E+01  4.2732E+01  4.2732E+01  4.2732E+01  4.2732E+01  4.2732E+01  4.2732E+01  4.2732E+01  4.2732E+01  4.2732E+01  4.2732E+01  4.2732E+01  4.2732E+01  4.2732E+01  4.2732E+01  4.2732E+01  4.2732E+01
  39310   3  5.4878E-01  5.4878E-01  5.4878E-01  5.4878E-01  5.4878E-01  5.4878E-01  5.4878E-01  5.4878E-01  5.4878E-01  5.4878E-01  5.4878E-01  5.4878E-01  5.4878E-01  5.4878E-01  5.4878E-01  5.4878E-01  5.4878E-01  5.4878E-01  5.4878E-01  5.4878E-01  5.4878E-01  5.4878E-01  5.4878E-01  5.4878E-01
  14756   3  5.8376E+04  5.8376E+04  5.8376E+04  5.8376E+04  5.8376E+04  5.8374E+04  5.8374E+04  5.8374E+04  5.8374E+04  5.8374E+04  5.8374E+04  5.8374E+04  5.8374E+04  5.8376E+04  5.8376E+04  5.8376E+04  5.8376E+04  5.8376E+04  5.8376E+04  5.8376E+04  5.8376E+04  5.8376E+04  5.8376E+04  5.8376E+04
  15105   3  1.4413E+01  1.4413E+01  1.4413E+01  1.4413E+01  1.4413E+01  1.4413E+01  1.4413E+01  1.4413E+01  1.4413E+01  1.4413E+01  1.4413E+01  1.4413E+01  1.4413E+01  1.4413E+01  1.4413E+01  1.4413E+01  1.4413E+01  1.4413E+01  1.4413E+01  1.4413E+01  1.4413E+01  1.4413E+01  1.4413E+01  1.4413E+01
  14763   1  1.3339E+04  1.3339E+04  1.3339E+04  1.3339E+04  1.3339E+04  1.3339E+04  1.3339E+04  1.3339E+04  1.3339E+04  1.3339E+04  1.3339E+04  1.3339E+04  1.3339E+04  1.3339E+04  1.3339E+04  1.3339E+04  1.3339E+04  1.3339E+04  1.3339E+04  1.3339E+04  1.3339E+04  1.3339E+04  1.3339E+04  1.3339E+04
  19635   3  1.4678E+02  1.4678E+02  1.4678E+02  1.4678E+02  1.4678E+02  2.8711E+01  2.8711E+01  2.8711E+01  2.8711E+01  2.8711E+01  2.8711E+01  2.8711E+01  2.8711E+01  1.4678E+02  1.4678E+02  1.4678E+02  1.4678E+02  1.4678E+02  1.4678E+02  1.4678E+02  1.4678E+02  1.4678E+02  1.4678E+02  1.4678E+02
  20337   2  2.2528E+01  2.2528E+01  2.2528E+01  2.2528E+01  2.2528E+01  2.2528E+01  2.2528E+01  2.2528E+01  2.2528E+01  2.2528E+01  2.2528E+01  2.2528E+01  2.2528E+01  2.2528E+01  2.2528E+01  2.2528E+01  2.2528E+01  2.2528E+01  2.2528E+01  2.2528E+01  2.2528E+01  2.2528E+01  2.2528E+01  2.2528E+01
  19283   1  4.8115E+01  4.8115E+01  4.8115E+01  4.8115E+01  4.8115E+01  4.8115E+01  4.8115E+01  4.8115E+01  4.8115E+01  4.8115E+01  4.8115E+01  4.8115E+01  4.8115E+01  4.8115E+01  4.8115E+01  4.8115E+01  4.8115E+01  4.8115E+01  4.8115E+01  4.8115E+01  4.8115E+01  4.8115E+01  4.8115E+01  4.8115E+01
  19633   2  3.6440E+01  3.6440E+01  3.6440E+01  3.6440E+01  3.6440E+01  1.4860E+01  1.4860E+01  1.4860E+01  1.4860E+01  1.4860E+01  1.4860E+01  1.4860E+01  3.6440E+01  3.6440E+01  3.6440E+01  3.6440E+01  3.6440E+01  3.6440E+01  3.6440E+01  3.6440E+01  3.6440E+01  3.6440E+01  3.6440E+01  3.6440E+01
  20343   1  7.3259E+00  7.3259E+00  7.3259E+00  7.3259E+00  7.3259E+00  7.3259E+00  7.3259E+00  7.3259E+00  7.3259E+00  7.3259E+00  7.3259E+00  7.3259E+00  7.3259E+00  7.3259E+00  7.3259E+00  7.3259E+00  7.3259E+00  7.3259E+00  7.3259E+00  7.3259E+00  7.3259E+00  7.3259E+00  7.3259E+00  7.3259E+00
  19282   1  2.7562E+01  2.7562E+01  2.7562E+01  2.7562E+01  2.7562E+01  1.6665E+01  1.6665E+01  1.6665E+01  1.6665E+01  1.6665E+01  1.6665E+01  1.6665E+01  1.6665E+01  2.7562E+01  2.7562E+01  2.7562E+01  2.7562E+01  2.7562E+01  2.7562E+01  2.7562E+01  2.7562E+01  2.7562E+01  2.7562E+01  2.7562E+01
  19990   3  5.9209E+01  5.9209E+01  5.9209E+01  5.9209E+01  5.9209E+01  5.9209E+01  5.9209E+01  5.9209E+01  5.9209E+01  5.9209E+01  5.9209E+01  5.9209E+01  5.9209E+01  5.9209E+01  5.9209E+01  5.9209E+01  5.9209E+01  5.9209E+01  5.9209E+01  5.9209E+01  5.9209E+01  5.9209E+01  5.9209E+01  5.9209E+01
  18929   1  8.3410E+01  8.3410E+01  8.3410E+01  8.3410E+01  8.3410E+01  8.3410E+01  8.3410E+01  8.3410E+01  8.3410E+01  8.3410E+01  8.3410E+01  8.3410E+01  8.3410E+01  9.5504E+01  9.5504E+01  9.5504E+01  9.5504E+01  9.5504E+01  9.5504E+01  9.5504E+01  9.5504E+01  8.3410E+01  8.3410E+01  8.3410E+01
  19281   1  1.7211E+01  1.7211E+01  1.7211E+01  1.7211E+01  1.7211E+01  1.7211E+01  1.7211E+01  1.7211E+01  1.7211E+01  1.7211E+01  1.7211E+01  1.7211E+01  1.7211E+01  1.7211E+01  1.7211E+01  1.7211E+01  1.7211E+01  1.7211E+01  1.7211E+01  1.7211E+01  1.7211E+01  1.7211E+01  1.7211E+01  1.7211E+01
  19637   1  3.7919E+00  3.7919E+00  3.7919E+00  3.7919E+00  3.7919E+00  3.7919E+00  3.7919E+00  3.7919E+00  3.7919E+00  3.7919E+00  3.7919E+00  3.7919E+00  3.7919E+00  3.7919E+00  3.7919E+00  3.7919E+00  3.7919E+00  3.7919E+00  3.7919E+00  3.7919E+00  3.7919E+00  3.7919E+00  3.7919E+00  3.7919E+00
  17533   1  5.3931E+01  5.3931E+01  5.3931E+01  5.3931E+01  5.3931E+01  5.3931E+01  5.3931E+01  5.3931E+01  5.3931E+01  5.3931E+01  5.3931E+01  5.3931E+01  5.3931E+01  6.0222E+01  6.0222E+01  6.0222E+01  6.0222E+01  6.0222E+01  6.0222E+01  6.0222E+01  6.0222E+01  5.3931E+01  5.3931E+01  5.3931E+01
  15091   2  3.0294E+04  3.0294E+04  3.0294E+04  3.0294E+04  3.0294E+04  3.0292E+04  3.0292E+04  3.0292E+04  3.0292E+04  3.0292E+04  3.0292E+04  3.0292E+04  3.0292E+04  3.0301E+04  3.0301E+04  3.0301E+04  3.0301E+04  3.0301E+04  3.0301E+04  3.0301E+04  3.0301E+04  3.0294E+04  3.0294E+04  3.0294E+04
  15092   3  2.3965E+04  2.3965E+04  2.3965E+04  2.3965E+04  2.3965E+04  2.3965E+04  2.3965E+04  2.3965E+04  2.3965E+04  2.3965E+04  2.3965E+04  2.3965E+04  2.3965E+04  2.3965E+04  2.3965E+04  2.3965E+04  2.3965E+04  2.3965E+04  2.3965E+04  2.3965E+04  2.3965E+04  2.3965E+04  2.3965E+04  2.3965E+04
  14738   1  2.3517E+01  2.3517E+01  2.3517E+01  2.3517E+01  2.3517E+01  2.3517E+01  2.3517E+01  2.3517E+01  2.3517E+01  2.3517E+01  2.3517E+01  2.3517E+01  2.3517E+01  2.3517E+01  2.3517E+01  2.3517E+01  2.3517E+01  2.3517E+01  2.3517E+01  2.3517E+01  2.3517E+01  2.3517E+01  2.3517E+01  2.3517E+01
  18238   4  1.1408E+00  1.1408E+00  1.1408E+00  1.1408E+00  1.1408E+00  1.1408E+00  1.1408E+00  1.1408E+00  1.1408E+00  1.1408E+00  1.1408E+00  1.1408E+00  1.1408E+00  1.1408E+00  1.1408E+00  1.1408E+00  1.1408E+00  1.1408E+00  1.1408E+00  1.1408E+00  1.1408E+00  1.1408E+00  1.1408E+00  1.1408E+00
  14383   4  1.8818E+02  1.8818E+02  1.8818E+02  1.8818E+02  1.8818E+02  1.8818E+02  1.8818E+02  1.8818E+02  1.8818E+02  1.8818E+02  1.8818E+02  1.8818E+02  1.8818E+02  1.8818E+02  1.8818E+02  1.8818E+02  1.8818E+02  1.8818E+02  1.8818E+02  1.8818E+02  1.8818E+02  1.8818E+02  1.8818E+02  1.8818E+02
  14735   4  4.4973E+00  4.4973E+00  4.4973E+00  4.4973E+00  4.4973E+00  4.2965E+00  4.2965E+00  4.2965E+00  4.2965E+00  4.2965E+00  4.2965E+00  4.2965E+00  4.2965E+00  4.4973E+00  4.4973E+00  4.4973E+00  4.4973E+00  4.4973E+00  4.4973E+00  4.4973E+00  4.4973E+00  4.4973E+00  4.4973E+00  4.4973E+00
  17884   4  6.3557E-01  6.3557E-01  6.3557E-01  6.3557E-01  6.3557E-01  6.3557E-01  6.3557E-01  6.3557E-01  6.3557E-01  6.3557E-01  6.3557E-01  6.3557E-01  6.3557E-01  6.3557E-01  6.3557E-01  6.3557E-01  6.3557E-01  6.3557E-01  6.3557E-01  6.3557E-01  6.3557E-01  6.3557E-01  6.3557E-01  6.3557E-01
  18944   3  3.7108E-01  3.7108E-01  3.7108E-01  3.7108E-01  3.7108E-01  3.7108E-01  3.7108E-01  3.7108E-01  3.7108E-01  3.7108E-01  3.7108E-01  3.7108E-01  3.7108E-01  3.7108E-01  3.7108E-01  3.7108E-01  3.7108E-01  3.7108E-01  3.7108E-01  3.7108E-01  3.7108E-01  3.7108E-01  3.7108E-01  3.7108E-01
  17531   4  7.7195E+05  7.7195E+05  7.7195E+05  7.7195E+05  7.7195E+05  7.7195E+05  7.7195E+05  7.7195E+05  7.7195E+05  7.7195E+05  7.7195E+05  7.7195E+05  7.7195E+05  7.7195E+05  7.7195E+05  7.7195E+05  7.7195E+05  7.7195E+05  7.7195E+05  7.7195E+05  7.7195E+05  7.7195E+05  7.7195E+05  7.7195E+05
  21411   4  1.0798E+00  1.0798E+00  1.0798E+00  1.0798E+00  1.0798E+00  1.0798E+00  1.0798E+00  1.0798E+00  1.0798E+00  1.0798E+00  1.0798E+00  1.0798E+00  1.0798E+00  1.0798E+00  1.0798E+00  1.0798E+00  1.0798E+00  1.0798E+00  1.0798E+00  1.0798E+00  1.0798E+00  1.0798E+00  1.0798E+00  1.0798E+00
  20709   3  4.6440E+00  4.6440E+00  4.6440E+00  4.6440E+00  4.6440E+00  4.6440E+00  4.6440E+00  4.6440E+00  4.6440E+00  4.6440E+00  4.6440E+00  4.6440E+00  4.6440E+00  4.6440E+00  4.6440E+00  4.6440E+00  4.6440E+00  4.6440E+00  4.6440E+00  4.6440E+00  4.6440E+00  4.6440E+00  4.6440E+00  4.6440E+00
  18247   3  6.3802E+03  6.2857E+03  5.9350E+03  5.3550E+03  4.7481E+03  4.0135E+03  3.7163E+03  3.5676E+03  3.5181E+03  3.6171E+03  3.9144E+03  4.3852E+03  4.9922E+03  5.3638E+03  5.6611E+03  5.9212E+03  6.0204E+03  6.1194E+03  6.1566E+03  6.2061E+03  6.1937E+03  6.1566E+03  6.0575E+03  5.9088E+03
  12621   3  5.0496E+03  5.0496E+03  5.0496E+03  5.0496E+03  5.0496E+03  5.0496E+03  5.0496E+03  5.0496E+03  5.0496E+03  5.0496E+03  5.0496E+03  5.0496E+03  5.0496E+03  5.0496E+03  5.0496E+03  5.0496E+03  5.0496E+03  5.0496E+03  5.0496E+03  5.0496E+03  5.0496E+03  5.0496E+03  5.0496E+03  5.0496E+03
  17529   7  2.1714E+00  2.1714E+00  2.1714E+00  2.1714E+00  2.1714E+00  2.1714E+00  2.1714E+00  2.1714E+00  2.1714E+00  2.1714E+00  2.1714E+00  2.1714E+00  2.1714E+00  2.1714E+00  2.1714E+00  2.1714E+00  2.1714E+00  2.1714E+00  2.1714E+00  2.1714E+00  2.1714E+00  2.1714E+00  2.1714E+00  2.1714E+00
  17530   3  2.0973E+01  2.0973E+01  2.0973E+01  2.0973E+01  2.0973E+01  2.0973E+01  2.0973E+01  2.0973E+01  2.0973E+01  2.0973E+01  2.0973E+01  2.0973E+01  2.0973E+01  2.0973E+01  2.0973E+01  2.0973E+01  2.0973E+01  2.0973E+01  2.0973E+01  2.0973E+01  2.0973E+01  2.0973E+01  2.0973E+01  2.0973E+01
  32694   3  3.1255E+03  3.1255E+03  3.1255E+03  3.1255E+03  3.1255E+03  3.1255E+03  3.1255E+03  3.1255E+03  3.1255E+03  3.1255E+03  3.1255E+03  3.1255E+03  3.1255E+03  3.1255E+03  3.1255E+03  3.1255E+03  3.1255E+03  3.1255E+03  3.1255E+03  3.1255E+03  3.1255E+03  3.1255E+03  3.1255E+03  3.1255E+03
  19303   3  2.1528E+00  2.1528E+00  2.1528E+00  2.1528E+00  2.1528E+00  2.1528E+00  2.1528E+00  2.1528E+00  2.1528E+00  2.1528E+00  2.1528E+00  2.1528E+00  2.1528E+00  2.1528E+00  2.1528E+00  2.1528E+00  2.1528E+00  2.1528E+00  2.1528E+00  2.1528E+00  2.1528E+00  2.1528E+00  2.1528E+00  2.1528E+00
  20352   2  1.6064E+00  1.6064E+00  1.6064E+00  1.6064E+00  1.6064E+00  1.6064E+00  1.6064E+00  1.6064E+00  1.6064E+00  1.6064E+00  1.6064E+00  1.6064E+00  1.6064E+00  1.6064E+00  1.6064E+00  1.6064E+00  1.6064E+00  1.6064E+00  1.6064E+00  1.6064E+00  1.6064E+00  1.6064E+00  1.6064E+00  1.6064E+00
  24938   2  1.5612E+04  1.5612E+04  1.5612E+04  1.5612E+04  1.5612E+04  1.5612E+04  1.5612E+04  1.5612E+04  1.5612E+04  1.5612E+04  1.5612E+04  1.5612E+04  1.5612E+04  1.5612E+04  1.5612E+04  1.5612E+04  1.5612E+04  1.5612E+04  1.5612E+04  1.5612E+04  1.5612E+04  1.5612E+04  1.5612E+04  1.5612E+04
  13317   2  2.6504E+00  2.6504E+00  2.6504E+00  2.6504E+00  2.6504E+00  2.6504E+00  2.6504E+00  2.6504E+00  2.6504E+00  2.6504E+00  2.6504E+00  2.6504E+00  2.6504E+00  2.6504E+00  2.6504E+00  2.6504E+00  2.6504E+00  2.6504E+00  2.6504E+00  2.6504E+00  2.6504E+00  2.6504E+00  2.6504E+00  2.6504E+00
  12967   2  6.4034E-01  6.4034E-01  6.4034E-01  6.4034E-01  6.4034E-01  6.4034E-01  6.4034E-01  6.4034E-01  6.4034E-01  6.4034E-01  6.4034E-01  6.4034E-01  6.4034E-01  3.1614E+00  3.1614E+00  3.1614E+00  3.1614E+00  3.1614E+00  3.1614E+00  3.1614E+00  3.1614E+00  6.4034E-01  6.4034E-01  6.4034E-01
  26700   7  1.6896E-02  1.6896E-02  1.6896E-02  1.6896E-02  1.6896E-02  1.6896E-02  1.6896E-02  1.6896E-02  1.6896E-02  1.6896E-02  1.6896E-02  1.6896E-02  1.6896E-02  1.6896E-02  1.6896E-02  1.6896E-02  1.6896E-02  1.6896E-02  1.6896E-02  1.6896E-02  1.6896E-02  1.6896E-02  1.6896E-02  1.6896E-02
  25290   2  1.9737E-05  1.9737E-05  1.9737E-05  1.9737E-05  1.9737E-05  1.9737E-05  1.9737E-05  1.9737E-05  1.9737E-05  1.9737E-05  1.9737E-05  1.9737E-05  1.9737E-05  1.9737E-05  1.9737E-05  1.9737E-05  1.9737E-05  1.9737E-05  1.9737E-05  1.9737E-05  1.9737E-05  1.9737E-05  1.9737E-05  1.9737E-05
  26704   2  1.0397E+01  1.0397E+01  1.0397E+01  1.0397E+01  1.0397E+01  1.0397E+01  1.0397E+01  1.0397E+01  1.0397E+01  1.0397E+01  1.0397E+01  1.0397E+01  1.0397E+01  1.0397E+01  1.0397E+01  1.0397E+01  1.0397E+01  1.0397E+01  1.0397E+01  1.0397E+01  1.0397E+01  1.0397E+01  1.0397E+01  1.0397E+01
  19305   4  4.8095E+01  4.8095E+01  4.8095E+01  4.8095E+01  4.8095E+01  4.8095E+01  4.8095E+01  4.8095E+01  4.8095E+01  4.8095E+01  4.8095E+01  4.8095E+01  4.8095E+01  4.8095E+01  4.8095E+01  4.8095E+01  4.8095E+01  4.8095E+01  4.8095E+01  4.8095E+01  4.8095E+01  4.8095E+01  4.8095E+01  4.8095E+01
  15423   3  4.9993E+01  4.9993E+01  4.9993E+01  4.9993E+01  4.9993E+01  4.9993E+01  4.9993E+01  4.9993E+01  4.9993E+01  4.9993E+01  4.9993E+01  4.9993E+01  4.9993E+01  4.9993E+01  4.9993E+01  4.9993E+01  4.9993E+01  4.9993E+01  4.9993E+01  4.9993E+01  4.9993E+01  4.9993E+01  4.9993E+01  4.9993E+01
  28558   3  3.5157E+03  3.5157E+03  3.5157E+03  3.5157E+03  3.5157E+03  3.5109E+03  3.5109E+03  3.5109E+03  3.5109E+03  3.5109E+03  3.5109E+03  3.5109E+03  3.5109E+03  3.5157E+03  3.5157E+03  3.5157E+03  3.5157E+03  3.5157E+03  3.5157E+03  3.5157E+03  3.5157E+03  3.5157E+03  3.5157E+03  3.5157E+03
  28911   3  7.2799E+02  7.2799E+02  7.2799E+02  7.2799E+02  7.2799E+02  7.2799E+02  7.2799E+02  7.2799E+02  7.2799E+02  7.2799E+02  7.2799E+02  7.2799E+02  7.2799E+02  7.2799E+02  7.2799E+02  7.2799E+02  7.2799E+02  7.2799E+02  7.2799E+02  7.2799E+02  7.2799E+02  7.2799E+02  7.2799E+02  7.2799E+02
  29621   6  4.8087E+00  4.8087E+00  4.8087E+00  4.8087E+00  4.8087E+00  4.8087E+00  4.8087E+00  4.8087E+00  4.8087E+00  4.8087E+00  4.8087E+00  4.8087E+00  4.8087E+00  4.8087E+00  4.8087E+00  4.8087E+00  4.8087E+00  4.8087E+00  4.8087E+00  4.8087E+00  4.8087E+00  4.8087E+00  4.8087E+00  4.8087E+00
  28204   3  3.1899E+00  3.1899E+00  3.1899E+00  3.1899E+00  3.1899E+00  6.5677E-01  6.5677E-01  6.5677E-01  6.5677E-01  6.5677E-01  6.5677E-01  6.5677E-01  6.5677E-01  3.1899E+00  3.1899E+00  3.1899E+00  3.1899E+00  3.1899E+00  3.1899E+00  3.1899E+00  3.1899E+00  3.1899E+00  3.1899E+00  3.1899E+00
  36171   3  2.3142E+01  2.3142E+01  2.3142E+01  2.3142E+01  2.3142E+01  2.3142E+01  2.3142E+01  2.3142E+01  2.3142E+01  2.3142E+01  2.3142E+01  2.3142E+01  2.3142E+01  2.3142E+01  2.3142E+01  2.3142E+01  2.3142E+01  2.3142E+01  2.3142E+01  2.3142E+01  2.3142E+01  2.3142E+01  2.3142E+01  2.3142E+01
  34059   2  3.0717E-01  3.0717E-01  3.0717E-01  3.0717E-01  3.0717E-01  3.0717E-01  3.0717E-01  3.0717E-01  3.0717E-01  3.0717E-01  3.0717E-01  3.0717E-01  3.0717E-01  3.0717E-01  3.0717E-01  3.0717E-01  3.0717E-01  3.0717E-01  3.0717E-01  3.0717E-01  3.0717E-01  3.0717E-01  3.0717E-01  3.0717E-01
  35117   3  2.4876E+00  2.4876E+00  2.4876E+00  2.4876E+00  2.4876E+00  2.4876E+00  2.4876E+00  2.4876E+00  2.4876E+00  2.4876E+00  2.4876E+00  2.4876E+00  2.4876E+00  2.4876E+00  2.4876E+00  2.4876E+00  2.4876E+00  2.4876E+00  2.4876E+00  2.4876E+00  2.4876E+00  2.4876E+00  2.4876E+00  2.4876E+00
  37574   3  1.8206E+01  1.8206E+01  1.8206E+01  1.8206E+01  1.8206E+01  1.8206E+01  1.8206E+01  1.8206E+01  1.8206E+01  1.8206E+01  1.8206E+01  1.8206E+01  1.8206E+01  1.8206E+01  1.8206E+01  1.8206E+01  1.8206E+01  1.8206E+01  1.8206E+01  1.8206E+01  1.8206E+01  1.8206E+01  1.8206E+01  1.8206E+01
  37927   3  2.1288E+01  2.1288E+01  2.1288E+01  2.1288E+01  2.1288E+01  2.1288E+01  2.1288E+01  2.1288E+01  2.1288E+01  2.1288E+01  2.1288E+01  2.1288E+01  2.1288E+01  2.1288E+01  2.1288E+01  2.1288E+01  2.1288E+01  2.1288E+01  2.1288E+01  2.1288E+01  2.1288E+01  2.1288E+01  2.1288E+01  2.1288E+01
  34411   3  1.3529E+00  1.3529E+00  1.3529E+00  1.3529E+00  1.3529E+00  1.3529E+00  1.3529E+00  1.3529E+00  1.3529E+00  1.3529E+00  1.3529E+00  1.3529E+00  1.3529E+00  1.3529E+00  1.3529E+00  1.3529E+00  1.3529E+00  1.3529E+00  1.3529E+00  1.3529E+00  1.3529E+00  1.3529E+00  1.3529E+00  1.3529E+00
  34765   3  2.3120E+00  2.3120E+00  2.3120E+00  2.3120E+00  2.3120E+00  2.3120E+00  2.3120E+00  2.3120E+00  2.3120E+00  2.3120E+00  2.3120E+00  2.3120E+00  2.3120E+00  2.3120E+00  2.3120E+00  2.3120E+00  2.3120E+00  2.3120E+00  2.3120E+00  2.3120E+00  2.3120E+00  2.3120E+00  2.3120E+00  2.3120E+00
