PEC Emissions
         510 2005-03-16_00:00:00, SAT
  47145   3  2.9506E+01  2.9506E+01  2.9506E+01  2.9506E+01  2.9506E+01  2.8725E+01  2.8725E+01  2.8725E+01  2.8725E+01  2.8725E+01  2.8725E+01  2.8725E+01  2.9506E+01  1.7229E+04  1.7229E+04  1.7229E+04  1.7229E+04  1.7229E+04  1.7229E+04  1.7229E+04  1.7229E+04  2.9506E+01  2.9506E+01  2.9506E+01
  46441   2  1.2813E+04  1.2813E+04  1.2813E+04  1.2813E+04  1.2813E+04  1.2813E+04  1.2813E+04  1.2813E+04  1.2813E+04  1.2813E+04  1.2813E+04  1.2813E+04  1.2813E+04  1.2813E+04  1.2813E+04  1.2813E+04  1.2813E+04  1.2813E+04  1.2813E+04  1.2813E+04  1.2813E+04  1.2813E+04  1.2813E+04  1.2813E+04
  76270   3  3.1059E+01  3.1059E+01  3.1059E+01  3.1059E+01  3.1059E+01  3.1059E+01  3.1059E+01  3.1059E+01  3.1059E+01  3.1059E+01  3.1059E+01  3.1059E+01  3.1059E+01  3.1059E+01  3.1059E+01  3.1059E+01  3.1059E+01  3.1059E+01  3.1059E+01  3.1059E+01  3.1059E+01  3.1059E+01  3.1059E+01  3.1059E+01
  79107   2  1.1858E+01  1.1858E+01  1.1858E+01  1.1858E+01  1.1858E+01  1.1858E+01  1.1858E+01  1.1858E+01  1.1858E+01  1.1858E+01  1.1858E+01  1.1858E+01  1.1858E+01  1.1858E+01  1.1858E+01  2.0590E+02  2.0590E+02  2.0590E+02  2.0590E+02  2.0590E+02  2.0590E+02  2.0590E+02  2.0590E+02  1.1858E+01
  79106   3  2.3975E+03  2.3975E+03  2.3975E+03  2.3975E+03  2.3975E+03  2.3975E+03  2.3975E+03  2.3975E+03  2.3975E+03  2.3975E+03  2.3975E+03  2.3975E+03  2.3975E+03  2.3975E+03  2.3975E+03  2.3975E+03  2.3975E+03  2.3975E+03  2.3975E+03  2.3975E+03  2.3975E+03  2.3975E+03  2.3975E+03  2.3975E+03
  78754   3  1.9693E-03  1.9693E-03  1.9693E-03  1.9693E-03  1.9693E-03  1.9693E-03  1.9693E-03  1.9693E-03  1.9693E-03  1.9693E-03  1.9693E-03  1.9693E-03  1.9693E-03  1.9693E-03  1.9693E-03  1.9693E-03  1.9693E-03  1.9693E-03  1.9693E-03  1.9693E-03  1.9693E-03  1.9693E-03  1.9693E-03  1.9693E-03
  78755   3  2.1661E+02  2.1661E+02  2.1661E+02  2.1661E+02  2.1661E+02  2.1661E+02  2.1661E+02  2.1661E+02  2.1661E+02  2.1661E+02  2.1661E+02  2.1661E+02  2.1661E+02  2.1661E+02  2.1661E+02  2.1661E+02  2.1661E+02  2.1661E+02  2.1661E+02  2.1661E+02  2.1661E+02  2.1661E+02  2.1661E+02  2.1661E+02
  78738   2  3.5750E-02  3.5750E-02  3.5750E-02  3.5750E-02  3.5750E-02  3.5750E-02  3.5750E-02  3.5750E-02  3.5750E-02  3.5750E-02  3.5750E-02  3.5750E-02  3.5750E-02  3.5750E-02  3.5750E-02  3.5750E-02  3.5750E-02  3.5750E-02  3.5750E-02  3.5750E-02  3.5750E-02  3.5750E-02  3.5750E-02  3.5750E-02
  78383   2  1.3561E+03  1.3360E+03  1.2615E+03  1.1382E+03  1.0092E+03  8.5309E+02  7.8990E+02  7.5831E+02  7.4778E+02  7.6884E+02  8.3203E+02  9.3208E+02  1.0611E+03  1.1401E+03  1.2033E+03  1.2586E+03  1.2796E+03  1.3007E+03  1.3086E+03  1.3191E+03  1.3165E+03  1.3086E+03  1.2875E+03  1.2559E+03
  51367   4  1.0294E+01  1.0294E+01  1.0294E+01  1.0294E+01  1.0294E+01  1.0294E+01  1.0294E+01  1.0294E+01  1.0294E+01  1.0294E+01  1.0294E+01  1.0294E+01  1.0294E+01  1.0294E+01  1.0294E+01  1.0294E+01  1.0294E+01  1.0294E+01  1.0294E+01  1.0294E+01  1.0294E+01  1.0294E+01  1.0294E+01  1.0294E+01
  52073   7  8.2177E+02  8.2177E+02  8.2177E+02  8.2177E+02  8.2177E+02  8.2177E+02  8.2177E+02  8.2177E+02  8.2177E+02  8.2177E+02  8.2177E+02  8.2177E+02  8.2177E+02  8.2177E+02  8.2177E+02  8.2177E+02  8.2177E+02  8.2177E+02  8.2177E+02  8.2177E+02  8.2177E+02  8.2177E+02  8.2177E+02  8.2177E+02
  58787   3  6.8045E+03  6.7038E+03  6.3298E+03  5.7112E+03  5.0638E+03  4.2805E+03  3.9635E+03  3.8049E+03  3.7521E+03  3.8578E+03  4.1748E+03  4.6768E+03  5.3242E+03  5.7206E+03  6.0376E+03  6.3151E+03  6.4208E+03  6.5265E+03  6.5661E+03  6.6189E+03  6.6057E+03  6.5661E+03  6.4604E+03  6.3019E+03
  59849   4  6.2569E+00  6.2569E+00  6.2569E+00  6.2569E+00  6.2569E+00  6.2569E+00  6.2569E+00  6.2569E+00  6.2569E+00  6.2569E+00  6.2569E+00  6.2569E+00  6.2569E+00  6.2569E+00  6.2569E+00  6.2569E+00  6.2569E+00  6.2569E+00  6.2569E+00  6.2569E+00  6.2569E+00  6.2569E+00  6.2569E+00  6.2569E+00
  46431   4  6.9998E+01  6.9998E+01  6.9998E+01  6.9998E+01  6.9998E+01  6.9998E+01  6.9998E+01  6.9998E+01  6.9998E+01  6.9998E+01  6.9998E+01  6.9998E+01  6.9998E+01  6.9998E+01  6.9998E+01  6.9998E+01  6.9998E+01  6.9998E+01  6.9998E+01  6.9998E+01  6.9998E+01  6.9998E+01  6.9998E+01  6.9998E+01
  46078   4  8.2596E+01  8.2596E+01  8.2596E+01  8.2596E+01  8.2596E+01  8.2596E+01  8.2596E+01  8.2596E+01  8.2596E+01  8.2596E+01  8.2596E+01  8.2596E+01  8.2596E+01  8.2596E+01  8.2596E+01  8.2596E+01  8.2596E+01  8.2596E+01  8.2596E+01  8.2596E+01  8.2596E+01  8.2596E+01  8.2596E+01  8.2596E+01
  47835   4  1.2034E+02  1.2034E+02  1.2034E+02  1.2034E+02  7.9363E+01  7.9363E+01  7.9363E+01  7.9363E+01  7.9363E+01  7.9363E+01  7.9363E+01  7.9363E+01  7.9363E+01  1.2034E+02  1.2034E+02  1.2034E+02  1.2034E+02  1.2034E+02  1.2034E+02  1.2034E+02  1.2034E+02  1.2034E+02  1.2034E+02  1.2034E+02
  45724   4  2.2464E+03  2.2464E+03  2.2464E+03  2.2464E+03  2.2464E+03  2.2464E+03  2.2464E+03  2.2464E+03  2.2464E+03  2.2464E+03  2.2464E+03  2.2464E+03  2.2464E+03  2.3223E+03  2.3223E+03  2.3223E+03  2.3223E+03  2.3223E+03  2.3223E+03  2.3223E+03  2.3223E+03  2.2464E+03  2.2464E+03  2.2464E+03
  46050   3  2.1274E+02  2.1274E+02  2.1274E+02  2.1274E+02  1.6273E+02  1.6273E+02  1.6273E+02  1.6273E+02  1.6273E+02  1.6273E+02  1.6273E+02  1.6273E+02  1.6273E+02  2.3393E+02  2.3393E+02  2.3393E+02  2.3393E+02  2.3393E+02  2.3393E+02  2.3393E+02  2.3393E+02  2.1274E+02  2.1274E+02  2.1274E+02
  46051   4  1.8856E+01  1.8856E+01  1.8856E+01  1.8856E+01  1.8856E+01  1.8856E+01  1.8856E+01  1.8856E+01  1.8856E+01  1.8856E+01  1.8856E+01  1.8856E+01  1.8856E+01  1.8856E+01  1.8856E+01  1.8856E+01  1.8856E+01  1.8856E+01  1.8856E+01  1.8856E+01  1.8856E+01  1.8856E+01  1.8856E+01  1.8856E+01
  55562   3  1.3483E+03  1.3483E+03  1.3483E+03  1.3483E+03  1.3483E+03  1.3483E+03  1.3483E+03  1.3483E+03  1.3483E+03  1.3483E+03  1.3483E+03  1.3483E+03  1.3483E+03  1.3483E+03  1.3483E+03  1.3483E+03  1.3483E+03  1.3483E+03  1.3483E+03  1.3483E+03  1.3483E+03  1.3483E+03  1.3483E+03  1.3483E+03
  59789   4  2.0306E+02  2.0306E+02  2.0306E+02  2.0306E+02  2.0306E+02  9.8951E+01  9.8951E+01  9.8951E+01  9.8951E+01  9.8951E+01  9.8951E+01  9.8951E+01  9.8951E+01  9.8951E+01  2.6354E+02  2.6354E+02  2.6354E+02  2.6354E+02  2.6354E+02  2.6354E+02  2.6354E+02  2.6354E+02  2.0306E+02  2.0306E+02
  57677   4  2.0261E+03  2.0091E+03  1.9795E+03  1.8694E+03  1.6872E+03  1.4966E+03  1.2660E+03  1.1726E+03  1.1260E+03  1.1104E+03  1.1415E+03  1.2349E+03  1.3827E+03  1.5733E+03  1.7040E+03  1.7974E+03  1.8791E+03  1.9102E+03  1.9413E+03  1.9530E+03  1.9685E+03  1.9646E+03  1.9390E+03  1.9078E+03
  73199   4  2.0505E+02  2.0505E+02  2.0505E+02  2.0505E+02  2.0505E+02  2.0505E+02  2.0505E+02  2.0505E+02  2.0505E+02  2.0505E+02  2.0505E+02  2.0505E+02  2.0505E+02  2.0505E+02  2.1696E+02  2.1696E+02  2.1696E+02  2.1696E+02  2.1696E+02  2.1696E+02  2.1696E+02  2.1696E+02  2.0505E+02  2.0505E+02
  71434   7  1.6925E+02  1.6851E+02  1.6722E+02  1.6241E+02  1.5447E+02  1.3101E+02  1.2095E+02  1.1688E+02  1.1484E+02  1.1416E+02  1.1552E+02  1.1959E+02  1.2604E+02  1.3436E+02  1.5459E+02  1.5866E+02  1.6222E+02  1.6358E+02  1.6494E+02  1.6545E+02  1.6613E+02  1.6596E+02  1.6545E+02  1.6409E+02
  72847   4  6.9739E-02  6.9739E-02  6.9739E-02  6.9739E-02  6.9739E-02  6.9739E-02  6.9739E-02  6.9739E-02  6.9739E-02  6.9739E-02  6.9739E-02  6.9739E-02  6.9739E-02  6.9739E-02  6.9739E-02  6.9739E-02  6.9739E-02  6.9739E-02  6.9739E-02  6.9739E-02  6.9739E-02  6.9739E-02  6.9739E-02  6.9739E-02
  73200   3  1.1129E+02  1.1129E+02  1.1129E+02  1.1129E+02  1.1129E+02  1.1129E+02  1.1129E+02  1.1129E+02  1.1129E+02  1.1129E+02  1.1129E+02  1.1129E+02  1.1129E+02  1.1129E+02  1.1129E+02  1.1129E+02  1.1129E+02  1.1129E+02  1.1129E+02  1.1129E+02  1.1129E+02  1.1129E+02  1.1129E+02  1.1129E+02
  72845   3  1.5856E-01  1.5856E-01  1.5856E-01  1.5856E-01  1.5856E-01  1.5856E-01  1.5856E-01  1.5856E-01  1.5856E-01  1.5856E-01  1.5856E-01  1.5856E-01  1.5856E-01  1.5856E-01  1.5856E-01  1.5856E-01  1.5856E-01  1.5856E-01  1.5856E-01  1.5856E-01  1.5856E-01  1.5856E-01  1.5856E-01  1.5856E-01
  46793   3  6.1472E+01  6.0562E+01  5.7183E+01  5.1595E+01  4.5747E+01  3.8670E+01  3.5806E+01  3.4373E+01  3.3896E+01  3.4851E+01  3.7715E+01  4.2251E+01  4.8099E+01  5.1680E+01  5.4544E+01  5.7051E+01  5.8005E+01  5.8960E+01  5.9318E+01  5.9796E+01  5.9676E+01  5.9318E+01  5.8363E+01  5.6931E+01
  47851   2  1.4449E+02  1.4449E+02  1.4449E+02  1.4449E+02  1.4449E+02  1.4449E+02  1.4449E+02  1.4449E+02  1.4449E+02  1.4449E+02  1.4449E+02  1.4449E+02  1.4449E+02  1.4449E+02  1.4449E+02  1.4449E+02  1.4449E+02  1.4449E+02  1.4449E+02  1.4449E+02  1.4449E+02  1.4449E+02  1.4449E+02  1.4449E+02
  47493   2  1.2910E+02  1.2910E+02  1.2910E+02  1.2910E+02  1.2910E+02  1.2910E+02  1.2910E+02  1.2910E+02  1.2910E+02  1.2910E+02  1.2910E+02  1.2910E+02  1.2910E+02  1.2910E+02  1.2910E+02  1.2910E+02  1.2910E+02  1.2910E+02  1.2910E+02  1.2910E+02  1.2910E+02  1.2910E+02  1.2910E+02  1.2910E+02
  47141   2  1.4104E-03  1.4104E-03  1.4104E-03  1.4104E-03  1.4104E-03  1.4104E-03  1.4104E-03  1.4104E-03  1.4104E-03  1.4104E-03  1.4104E-03  1.4104E-03  1.4104E-03  1.4104E-03  1.4104E-03  1.4104E-03  1.4104E-03  1.4104E-03  1.4104E-03  1.4104E-03  1.4104E-03  1.4104E-03  1.4104E-03  1.4104E-03
  47142   6  8.9615E+00  8.9615E+00  8.9615E+00  8.9615E+00  8.9615E+00  8.9615E+00  8.9615E+00  8.9615E+00  8.9615E+00  8.9615E+00  8.9615E+00  8.9615E+00  8.9615E+00  8.9615E+00  8.9615E+00  8.9615E+00  8.9615E+00  8.9615E+00  8.9615E+00  8.9615E+00  8.9615E+00  8.9615E+00  8.9615E+00  8.9615E+00
  47494   6  1.5057E+00  1.5057E+00  1.5057E+00  1.5057E+00  1.5057E+00  1.5057E+00  1.5057E+00  1.5057E+00  1.5057E+00  1.5057E+00  1.5057E+00  1.5057E+00  1.5057E+00  1.5057E+00  1.5057E+00  1.5057E+00  1.5057E+00  1.5057E+00  1.5057E+00  1.5057E+00  1.5057E+00  1.5057E+00  1.5057E+00  1.5057E+00
  46790   5  5.3425E+00  5.3425E+00  5.3425E+00  5.3425E+00  5.3425E+00  5.3425E+00  5.3425E+00  5.3425E+00  5.3425E+00  5.3425E+00  5.3425E+00  5.3425E+00  5.3425E+00  5.3425E+00  5.3425E+00  5.3425E+00  5.3425E+00  5.3425E+00  5.3425E+00  5.3425E+00  5.3425E+00  5.3425E+00  5.3425E+00  5.3425E+00
  47143   3  1.1550E+01  1.1550E+01  1.1550E+01  1.1550E+01  1.1550E+01  1.1550E+01  1.1550E+01  1.1550E+01  1.1550E+01  1.1550E+01  1.1550E+01  1.1550E+01  1.1550E+01  6.5189E+01  6.5189E+01  6.5189E+01  6.5189E+01  6.5189E+01  6.5189E+01  6.5189E+01  6.5189E+01  1.1550E+01  1.1550E+01  1.1550E+01
  46792   3  6.0835E+03  6.0835E+03  6.0835E+03  6.0835E+03  6.0835E+03  6.0835E+03  6.0835E+03  6.0835E+03  6.0835E+03  6.0835E+03  6.0835E+03  6.0835E+03  6.0835E+03  6.0850E+03  6.0850E+03  6.0850E+03  6.0850E+03  6.0850E+03  6.0850E+03  6.0850E+03  6.0850E+03  6.0835E+03  6.0835E+03  6.0835E+03
  46791   4  1.9841E+03  1.9602E+03  1.8715E+03  1.7249E+03  1.5714E+03  1.3856E+03  1.3105E+03  1.2729E+03  1.2604E+03  1.2854E+03  1.3606E+03  1.4796E+03  1.6331E+03  1.8812E+03  1.9564E+03  2.0222E+03  2.0472E+03  2.0723E+03  2.0817E+03  2.0942E+03  2.0911E+03  1.9276E+03  1.9025E+03  1.8649E+03
  47147   3  1.7725E+01  1.7725E+01  1.7725E+01  1.7725E+01  1.7725E+01  1.7725E+01  1.7725E+01  1.7725E+01  1.7725E+01  1.7725E+01  1.7725E+01  1.7725E+01  1.7725E+01  1.7725E+01  1.7725E+01  1.7725E+01  1.7725E+01  1.7725E+01  1.7725E+01  1.7725E+01  1.7725E+01  1.7725E+01  1.7725E+01  1.7725E+01
  47848   4  1.3710E+02  1.3710E+02  1.3710E+02  1.3710E+02  1.3710E+02  1.3710E+02  1.3710E+02  1.3710E+02  1.3710E+02  1.3710E+02  1.3710E+02  1.3710E+02  1.3710E+02  1.3710E+02  1.3710E+02  1.3710E+02  1.3710E+02  1.3710E+02  1.3710E+02  1.3710E+02  1.3710E+02  1.3710E+02  1.3710E+02  1.3710E+02
  47144   1  4.4297E+02  4.4297E+02  4.4297E+02  4.4297E+02  4.4297E+02  4.4297E+02  4.4297E+02  4.4297E+02  4.4297E+02  4.4297E+02  4.4297E+02  4.4297E+02  4.4297E+02  4.6130E+02  4.6153E+02  4.6153E+02  4.6153E+02  4.6153E+02  4.6153E+02  4.6153E+02  4.6130E+02  4.4297E+02  4.4297E+02  4.4297E+02
  46789   2  6.2505E+01  6.2505E+01  6.2505E+01  6.2505E+01  6.2505E+01  6.2505E+01  6.2505E+01  6.2505E+01  6.2505E+01  6.2505E+01  6.2505E+01  6.2505E+01  6.2505E+01  6.2505E+01  6.2505E+01  6.2505E+01  6.2505E+01  6.2505E+01  6.2505E+01  6.2505E+01  6.2505E+01  6.2505E+01  6.2505E+01  6.2505E+01
  71755   1  2.9272E-01  2.9272E-01  2.9272E-01  2.9272E-01  2.9272E-01  2.9272E-01  2.9272E-01  2.9272E-01  2.9272E-01  2.9272E-01  2.9272E-01  2.9272E-01  2.9272E-01  2.9272E-01  2.9272E-01  2.9272E-01  2.9272E-01  2.9272E-01  2.9272E-01  2.9272E-01  2.9272E-01  2.9272E-01  2.9272E-01  2.9272E-01
  57265   2  8.3170E+03  8.2473E+03  8.1252E+03  7.6719E+03  6.9221E+03  6.1375E+03  5.1881E+03  4.8038E+03  4.6117E+03  4.5476E+03  4.6757E+03  5.0600E+03  5.6685E+03  6.4531E+03  7.0624E+03  7.4467E+03  7.7830E+03  7.9111E+03  8.0392E+03  8.0872E+03  8.1513E+03  8.1352E+03  7.9583E+03  7.8302E+03
  62209   2  4.4162E+02  4.4162E+02  4.4162E+02  4.4162E+02  4.4162E+02  4.4162E+02  4.4162E+02  4.4162E+02  4.4162E+02  4.4162E+02  4.4162E+02  4.4162E+02  4.4162E+02  4.4162E+02  4.4162E+02  4.4162E+02  4.4162E+02  4.4162E+02  4.4162E+02  4.4162E+02  4.4162E+02  4.4162E+02  4.4162E+02  4.4162E+02
  62560   2  1.1504E+03  1.1504E+03  1.1504E+03  1.1504E+03  1.1504E+03  6.8184E+02  6.8184E+02  6.8184E+02  6.8184E+02  6.8184E+02  6.8184E+02  6.8184E+02  6.8184E+02  6.8184E+02  1.1766E+03  1.1766E+03  1.1766E+03  1.1766E+03  1.1766E+03  1.1766E+03  1.1766E+03  1.1766E+03  1.1504E+03  1.1504E+03
  72093   2  6.0983E-02  6.0983E-02  6.0983E-02  6.0983E-02  6.0983E-02  6.0983E-02  6.0983E-02  6.0983E-02  6.0983E-02  6.0983E-02  6.0983E-02  6.0983E-02  6.0983E-02  6.0983E-02  6.0983E-02  6.0983E-02  6.0983E-02  6.0983E-02  6.0983E-02  6.0983E-02  6.0983E-02  6.0983E-02  6.0983E-02  6.0983E-02
  66425   2  3.4478E+03  3.3968E+03  3.2073E+03  2.8938E+03  2.5658E+03  2.1689E+03  2.0083E+03  1.9279E+03  1.9012E+03  1.9547E+03  2.1154E+03  2.3697E+03  2.6978E+03  2.8986E+03  3.0592E+03  3.1998E+03  3.2534E+03  3.3069E+03  3.3270E+03  3.3538E+03  3.3471E+03  3.3270E+03  3.2735E+03  3.1931E+03
  32698   7  1.0653E+02  1.0653E+02  1.0653E+02  1.0653E+02  1.0653E+02  1.0653E+02  1.0653E+02  1.0653E+02  1.0653E+02  1.0653E+02  1.0653E+02  1.0653E+02  1.0653E+02  1.0653E+02  1.0653E+02  1.0653E+02  1.0653E+02  1.0653E+02  1.0653E+02  1.0653E+02  1.0653E+02  1.0653E+02  1.0653E+02  1.0653E+02
  46097   3  1.1363E+00  1.1363E+00  1.1363E+00  1.1363E+00  1.1363E+00  1.1363E+00  1.1363E+00  1.1363E+00  1.1363E+00  1.1363E+00  1.1363E+00  1.1363E+00  1.1363E+00  1.1363E+00  1.1363E+00  1.1363E+00  1.1363E+00  1.1363E+00  1.1363E+00  1.1363E+00  1.1363E+00  1.1363E+00  1.1363E+00  1.1363E+00
  32346   3  2.1544E+04  2.1544E+04  2.1544E+04  2.1544E+04  2.1544E+04  2.1544E+04  2.1544E+04  2.1544E+04  2.1544E+04  2.1544E+04  2.1544E+04  2.1544E+04  2.1544E+04  2.1586E+04  2.1586E+04  2.1586E+04  2.1586E+04  2.1586E+04  2.1586E+04  2.1586E+04  2.1586E+04  2.1544E+04  2.1544E+04  2.1544E+04
  47881   2  3.5817E+02  3.5817E+02  3.5817E+02  3.5817E+02  3.5817E+02  3.5817E+02  3.5817E+02  3.5817E+02  3.5817E+02  3.5817E+02  3.5817E+02  3.5817E+02  3.5817E+02  3.5817E+02  3.5817E+02  3.5817E+02  3.5817E+02  3.5817E+02  3.5817E+02  3.5817E+02  3.5817E+02  3.5817E+02  3.5817E+02  3.5817E+02
  54565   2  1.1410E+02  1.1410E+02  1.1410E+02  1.1410E+02  1.1410E+02  1.1410E+02  1.1410E+02  1.1410E+02  1.1410E+02  1.1410E+02  1.1410E+02  1.1410E+02  1.1410E+02  1.1410E+02  1.1410E+02  1.1410E+02  1.1410E+02  1.1410E+02  1.1410E+02  1.1410E+02  1.1410E+02  1.1410E+02  1.1410E+02  1.1410E+02
  48578   2  3.4586E+02  3.4586E+02  3.4586E+02  3.4586E+02  3.4586E+02  3.4586E+02  3.4586E+02  3.4586E+02  3.4586E+02  3.4586E+02  3.4586E+02  3.4586E+02  3.4586E+02  3.4586E+02  3.4586E+02  3.4586E+02  3.4586E+02  3.4586E+02  3.4586E+02  3.4586E+02  3.4586E+02  3.4586E+02  3.4586E+02  3.4586E+02
  48226   2  1.6683E+01  1.6683E+01  1.6683E+01  1.6683E+01  1.6683E+01  1.6683E+01  1.6683E+01  1.6683E+01  1.6683E+01  1.6683E+01  1.6683E+01  1.6683E+01  1.6683E+01  1.6683E+01  1.6683E+01  1.6683E+01  1.6683E+01  1.6683E+01  1.6683E+01  1.6683E+01  1.6683E+01  1.6683E+01  1.6683E+01  1.6683E+01
  48227   2  9.1800E+02  9.0442E+02  8.5396E+02  7.7050E+02  6.8316E+02  5.7749E+02  5.3471E+02  5.1332E+02  5.0619E+02  5.2045E+02  5.6323E+02  6.3096E+02  7.1830E+02  7.7177E+02  8.1455E+02  8.5198E+02  8.6623E+02  8.8049E+02  8.8584E+02  8.9297E+02  8.9119E+02  8.8584E+02  8.7158E+02  8.5019E+02
  46818   2  2.3662E+00  2.3662E+00  2.3662E+00  2.3662E+00  2.3662E+00  2.3662E+00  2.3662E+00  2.3662E+00  2.3662E+00  2.3662E+00  2.3662E+00  2.3662E+00  2.3662E+00  2.3662E+00  2.3662E+00  2.3662E+00  2.3662E+00  2.3662E+00  2.3662E+00  2.3662E+00  2.3662E+00  2.3662E+00  2.3662E+00  2.3662E+00
  30178   3  5.6576E+01  5.6576E+01  5.6576E+01  5.6576E+01  5.6576E+01  4.7065E+01  4.7065E+01  4.7065E+01  4.7065E+01  4.7065E+01  4.7065E+01  4.7065E+01  4.7065E+01  5.6576E+01  5.6576E+01  5.6576E+01  5.6576E+01  5.6576E+01  5.6576E+01  5.6576E+01  5.6576E+01  5.6576E+01  5.6576E+01  5.6576E+01
  30529   4  2.5306E+01  2.5306E+01  2.5306E+01  2.5306E+01  2.5306E+01  2.5306E+01  2.5306E+01  2.5306E+01  2.5306E+01  2.5306E+01  2.5306E+01  2.5306E+01  2.5306E+01  2.5306E+01  2.5306E+01  2.5306E+01  2.5306E+01  2.5306E+01  2.5306E+01  2.5306E+01  2.5306E+01  2.5306E+01  2.5306E+01  2.5306E+01
  31942   4  1.0095E-02  1.0095E-02  1.0095E-02  1.0095E-02  1.0095E-02  1.0095E-02  1.0095E-02  1.0095E-02  1.0095E-02  1.0095E-02  1.0095E-02  1.0095E-02  1.0095E-02  1.0095E-02  1.0095E-02  1.0095E-02  1.0095E-02  1.0095E-02  1.0095E-02  1.0095E-02  1.0095E-02  1.0095E-02  1.0095E-02  1.0095E-02
  44188   3  1.0349E+02  1.0095E+02  1.0011E+02  9.8625E+01  9.3122E+01  8.4021E+01  7.4498E+01  6.2974E+01  5.8309E+01  5.5977E+01  5.5199E+01  5.6754E+01  6.1419E+01  6.8805E+01  7.8329E+01  8.4160E+01  8.8824E+01  9.2906E+01  9.4461E+01  9.6016E+01  9.6599E+01  9.7376E+01  9.7182E+01  9.6599E+01
  41032   7  9.2281E+03  9.0016E+03  8.9262E+03  8.7941E+03  8.3034E+03  7.4920E+03  6.6427E+03  5.6152E+03  5.1993E+03  4.9913E+03  4.9220E+03  5.0606E+03  5.4766E+03  6.1351E+03  6.9844E+03  7.5043E+03  7.9202E+03  8.2841E+03  8.4228E+03  8.5614E+03  8.6134E+03  8.6828E+03  8.6655E+03  8.6134E+03
  37153   3  9.2833E-01  9.0555E-01  8.9795E-01  8.8466E-01  8.3530E-01  7.5367E-01  6.6824E-01  5.6488E-01  5.2303E-01  5.0211E-01  4.9514E-01  5.0909E-01  5.5093E-01  6.1718E-01  7.0261E-01  7.5491E-01  7.9675E-01  8.3337E-01  8.4732E-01  8.6126E-01  8.6649E-01  8.7347E-01  8.7172E-01  8.6649E-01
  22551   3  1.2768E+04  1.2579E+04  1.1877E+04  1.0717E+04  9.5018E+03  8.0320E+03  7.4370E+03  7.1395E+03  7.0404E+03  7.2387E+03  7.8337E+03  8.7757E+03  9.9904E+03  1.0734E+04  1.1329E+04  1.1850E+04  1.2048E+04  1.2246E+04  1.2321E+04  1.2420E+04  1.2395E+04  1.2321E+04  1.2122E+04  1.1825E+04
  18505   3  1.1273E+05  1.1106E+05  1.0487E+05  9.4620E+04  8.3894E+04  7.0917E+04  6.5664E+04  6.3037E+04  6.2161E+04  6.3913E+04  6.9166E+04  7.7484E+04  8.8208E+04  9.4775E+04  1.0003E+05  1.0462E+05  1.0638E+05  1.0813E+05  1.0878E+05  1.0966E+05  1.0944E+05  1.0878E+05  1.0703E+05  1.0441E+05
   9108   3  3.0490E+01  3.0490E+01  3.0490E+01  3.0490E+01  3.0490E+01  3.0490E+01  3.0490E+01  3.0490E+01  3.0490E+01  3.0490E+01  3.0490E+01  3.0490E+01  3.0490E+01  3.0490E+01  3.0490E+01  3.0490E+01  3.0490E+01  3.0490E+01  3.0490E+01  3.0490E+01  3.0490E+01  3.0490E+01  3.0490E+01  3.0490E+01
   1352   4  3.5350E+00  3.5350E+00  3.5350E+00  3.5350E+00  3.5350E+00  3.5350E+00  3.5350E+00  3.5350E+00  3.5350E+00  3.5350E+00  3.5350E+00  3.5350E+00  3.5350E+00  3.5350E+00  3.5350E+00  3.5350E+00  3.5350E+00  3.5350E+00  3.5350E+00  3.5350E+00  3.5350E+00  3.5350E+00  3.5350E+00  3.5350E+00
   9106   4  1.4927E+01  1.4927E+01  1.4927E+01  1.4927E+01  1.4927E+01  1.4927E+01  1.4927E+01  1.4927E+01  1.4927E+01  1.4927E+01  1.4927E+01  1.4927E+01  1.4927E+01  1.4927E+01  1.4927E+01  1.4927E+01  1.4927E+01  1.4927E+01  1.4927E+01  1.4927E+01  1.4927E+01  1.4927E+01  1.4927E+01  1.4927E+01
  19977   3  8.6442E+01  8.6406E+01  8.6272E+01  8.6050E+01  8.5818E+01  7.0262E+01  7.0148E+01  7.0091E+01  7.0072E+01  7.0110E+01  7.0224E+01  7.0404E+01  7.0650E+01  3.7880E+02  3.7892E+02  3.7902E+02  3.7906E+02  3.7909E+02  3.7911E+02  3.7913E+02  3.7912E+02  8.6356E+01  8.6319E+01  8.6262E+01
  20329   3  2.6762E+02  2.6762E+02  2.6762E+02  2.6762E+02  2.6762E+02  1.4521E+02  1.4521E+02  1.4521E+02  1.4521E+02  1.4521E+02  1.4521E+02  1.4521E+02  1.4521E+02  3.1237E+02  3.1237E+02  3.1237E+02  3.1237E+02  3.1237E+02  3.1237E+02  3.1237E+02  3.1237E+02  2.6762E+02  2.6762E+02  2.6762E+02
  20330   3  8.6420E+01  8.6420E+01  8.6420E+01  8.6420E+01  8.6420E+01  8.0917E+01  8.0917E+01  8.0917E+01  8.0917E+01  8.0917E+01  8.0917E+01  8.0917E+01  8.0946E+01  1.9528E+02  1.9528E+02  1.9528E+02  1.9528E+02  1.9528E+02  1.9528E+02  1.9528E+02  1.9528E+02  8.6420E+01  8.6420E+01  8.6420E+01
  19976   3  4.3410E+01  4.3410E+01  4.3410E+01  4.3410E+01  4.3410E+01  4.3410E+01  4.3410E+01  4.3410E+01  4.3410E+01  4.3410E+01  4.3410E+01  4.3410E+01  4.3410E+01  9.4308E+01  9.4308E+01  9.4308E+01  9.4308E+01  9.4308E+01  9.4308E+01  9.4308E+01  9.4308E+01  4.3410E+01  4.3410E+01  4.3410E+01
  19624   4  9.5928E+00  9.5928E+00  9.5928E+00  9.5928E+00  9.5928E+00  4.1984E+00  4.1984E+00  4.1984E+00  4.1984E+00  4.1984E+00  4.1984E+00  4.1984E+00  4.1984E+00  1.0798E+02  1.0798E+02  1.0798E+02  1.0798E+02  1.0798E+02  1.0798E+02  1.0798E+02  1.0798E+02  9.5928E+00  9.5928E+00  9.5928E+00
  19271   4  1.9138E+01  1.9138E+01  1.9138E+01  1.9138E+01  1.9138E+01  1.9138E+01  1.9138E+01  1.9138E+01  1.9138E+01  1.9138E+01  1.9138E+01  1.9138E+01  1.9138E+01  1.9138E+01  1.9138E+01  1.9138E+01  1.9138E+01  1.9138E+01  1.9138E+01  1.9138E+01  1.9138E+01  1.9138E+01  1.9138E+01  1.9138E+01
  19272   3  3.1143E+01  3.1143E+01  3.1143E+01  3.1143E+01  3.1143E+01  3.1143E+01  3.1143E+01  3.1143E+01  3.1143E+01  3.1143E+01  3.1143E+01  3.1143E+01  3.1143E+01  7.3954E+01  7.3954E+01  7.3954E+01  7.3954E+01  7.3954E+01  7.3954E+01  7.3954E+01  7.3954E+01  3.1143E+01  3.1143E+01  3.1143E+01
  19622   3  5.9200E-03  5.9200E-03  5.9200E-03  5.9200E-03  5.9200E-03  5.9200E-03  5.9200E-03  5.9200E-03  5.9200E-03  5.9200E-03  5.9200E-03  5.9200E-03  5.9200E-03  1.0412E+01  1.0412E+01  1.0412E+01  1.0412E+01  1.0412E+01  1.0412E+01  1.0412E+01  1.0412E+01  5.9200E-03  5.9200E-03  5.9200E-03
  19978   4  1.9419E+01  1.9419E+01  1.9419E+01  1.9419E+01  1.9419E+01  1.9419E+01  1.9419E+01  1.9419E+01  1.9419E+01  1.9419E+01  1.9419E+01  1.9419E+01  1.9419E+01  2.6364E+01  2.6364E+01  2.6364E+01  2.6364E+01  2.6364E+01  2.6364E+01  2.6364E+01  2.6364E+01  1.9419E+01  1.9419E+01  1.9419E+01
  19625   5  1.0621E+02  1.0621E+02  1.0621E+02  1.0621E+02  1.0621E+02  3.3571E+01  3.3571E+01  3.3571E+01  3.3571E+01  3.3571E+01  3.3571E+01  3.3571E+01  1.0441E+02  2.1949E+02  2.1949E+02  2.1949E+02  2.1949E+02  2.1949E+02  2.1949E+02  2.1949E+02  2.1949E+02  1.0621E+02  1.0621E+02  1.0621E+02
  19626   3  5.7611E+01  5.7611E+01  5.7611E+01  5.7611E+01  5.7611E+01  5.7611E+01  5.7611E+01  5.7611E+01  5.7611E+01  5.7611E+01  5.7611E+01  5.7611E+01  5.7611E+01  6.4677E+01  6.4677E+01  6.4677E+01  6.4677E+01  6.4677E+01  6.4677E+01  6.4677E+01  6.4677E+01  5.7611E+01  5.7611E+01  5.7611E+01
  19270   3  5.7062E+00  5.7062E+00  5.7062E+00  5.7062E+00  5.7062E+00  5.7062E+00  5.7062E+00  5.7062E+00  5.7062E+00  5.7062E+00  5.7062E+00  5.7062E+00  5.7062E+00  2.5482E+02  2.5482E+02  2.5482E+02  2.5482E+02  2.5482E+02  2.5482E+02  2.5482E+02  2.5482E+02  5.7062E+00  5.7062E+00  5.7062E+00
  19623   4  9.9226E-01  9.9226E-01  9.9226E-01  9.9226E-01  9.9226E-01  9.9226E-01  9.9226E-01  9.9226E-01  9.9226E-01  9.9226E-01  9.9226E-01  9.9226E-01  9.9226E-01  8.9996E+01  8.9996E+01  8.9996E+01  8.9996E+01  8.9996E+01  8.9996E+01  8.9996E+01  8.9996E+01  9.9226E-01  9.9226E-01  9.9226E-01
  19273   3  4.3628E-02  4.3628E-02  4.3628E-02  4.3628E-02  4.3628E-02  4.3628E-02  4.3628E-02  4.3628E-02  4.3628E-02  4.3628E-02  4.3628E-02  4.3628E-02  4.3628E-02  1.3756E+01  1.3756E+01  1.3756E+01  1.3756E+01  1.3756E+01  1.3756E+01  1.3756E+01  1.3756E+01  4.3628E-02  4.3628E-02  4.3628E-02
  18919   3  3.2439E+00  3.2439E+00  3.2439E+00  3.2439E+00  3.2439E+00  3.2439E+00  3.2439E+00  3.2439E+00  3.2439E+00  3.2439E+00  3.2439E+00  3.2439E+00  3.2439E+00  4.6535E+01  4.6535E+01  4.6535E+01  4.6535E+01  4.6535E+01  4.6535E+01  4.6535E+01  4.6535E+01  3.2439E+00  3.2439E+00  3.2439E+00
  39327   3  6.0945E+03  6.0945E+03  6.0945E+03  6.0945E+03  6.0945E+03  6.0945E+03  6.0945E+03  6.0945E+03  6.0945E+03  6.0945E+03  6.0945E+03  6.0945E+03  6.0945E+03  6.0945E+03  6.0945E+03  6.0945E+03  6.0945E+03  6.0945E+03  6.0945E+03  6.0945E+03  6.0945E+03  6.0945E+03  6.0945E+03  6.0945E+03
  46755   3  1.1848E+04  1.1673E+04  1.1022E+04  9.9447E+03  8.8175E+03  7.4536E+03  6.9015E+03  6.6255E+03  6.5335E+03  6.7175E+03  7.2696E+03  8.1438E+03  9.2710E+03  9.9611E+03  1.0513E+04  1.0996E+04  1.1180E+04  1.1364E+04  1.1433E+04  1.1525E+04  1.1502E+04  1.1433E+04  1.1249E+04  1.0973E+04
  46403   3  1.2101E+02  1.1922E+02  1.1257E+02  1.0156E+02  9.0053E+01  7.6123E+01  7.0484E+01  6.7665E+01  6.6725E+01  6.8604E+01  7.4243E+01  8.3171E+01  9.4684E+01  1.0173E+02  1.0737E+02  1.1230E+02  1.1418E+02  1.1606E+02  1.1677E+02  1.1771E+02  1.1747E+02  1.1677E+02  1.1489E+02  1.1207E+02
  24547   2  2.3758E-03  2.3758E-03  2.3758E-03  2.3758E-03  2.3758E-03  2.3758E-03  2.3758E-03  2.3758E-03  2.3758E-03  2.3758E-03  2.3758E-03  2.3758E-03  2.3758E-03  2.3758E-03  2.3758E-03  2.3758E-03  2.3758E-03  2.3758E-03  2.3758E-03  2.3758E-03  2.3758E-03  2.3758E-03  2.3758E-03  2.3758E-03
  25246   2  3.1573E-04  3.1573E-04  3.1573E-04  3.1573E-04  3.1573E-04  3.1573E-04  3.1573E-04  3.1573E-04  3.1573E-04  3.1573E-04  3.1573E-04  3.1573E-04  3.1573E-04  3.1573E-04  3.1573E-04  3.1573E-04  3.1573E-04  3.1573E-04  3.1573E-04  3.1573E-04  3.1573E-04  3.1573E-04  3.1573E-04  3.1573E-04
  27008   4  4.1343E-01  4.1343E-01  4.1343E-01  4.1343E-01  4.1343E-01  4.0212E-01  4.0212E-01  4.0212E-01  4.0212E-01  4.0212E-01  4.0212E-01  4.0212E-01  4.1343E-01  4.1343E-01  4.1343E-01  4.1343E-01  4.1343E-01  4.1343E-01  4.1343E-01  4.1343E-01  4.1343E-01  4.1343E-01  4.1343E-01  4.1343E-01
  24896   3  5.6612E+04  5.5809E+04  5.2827E+04  4.7894E+04  4.2731E+04  3.6179E+04  3.3650E+04  3.2386E+04  3.1964E+04  3.2807E+04  3.5335E+04  3.9339E+04  4.4808E+04  4.7968E+04  5.0497E+04  5.2709E+04  5.3552E+04  5.4395E+04  5.4711E+04  5.5133E+04  5.5027E+04  5.4711E+04  5.3868E+04  5.2604E+04
   9028   3  4.7019E-01  4.6324E-01  4.3739E-01  3.9465E-01  3.4991E-01  2.9579E-01  2.7388E-01  2.6292E-01  2.5927E-01  2.6657E-01  2.8848E-01  3.2317E-01  3.6791E-01  3.9529E-01  4.1720E-01  4.3638E-01  4.4368E-01  4.5098E-01  4.5372E-01  4.5737E-01  4.5646E-01  4.5372E-01  4.4642E-01  4.3546E-01
  13592   3  1.1247E+05  1.1081E+05  1.0462E+05  9.4400E+04  8.3699E+04  7.0752E+04  6.5510E+04  6.2891E+04  6.2017E+04  6.3764E+04  6.9005E+04  7.7303E+04  8.8003E+04  9.4554E+04  9.9796E+04  1.0438E+05  1.0613E+05  1.0787E+05  1.0853E+05  1.0940E+05  1.0919E+05  1.0853E+05  1.0678E+05  1.0416E+05
  23165   3  1.3261E+00  1.3261E+00  1.3261E+00  1.3261E+00  1.3261E+00  1.3261E+00  1.3261E+00  1.3261E+00  1.3261E+00  1.3261E+00  1.3261E+00  1.3261E+00  1.3261E+00  1.3261E+00  1.3261E+00  1.3261E+00  1.3261E+00  1.3261E+00  1.3261E+00  1.3261E+00  1.3261E+00  1.3261E+00  1.3261E+00  1.3261E+00
  22447   3  2.5822E+01  2.5822E+01  2.5822E+01  2.5822E+01  2.5822E+01  2.5822E+01  2.5822E+01  2.5822E+01  2.5822E+01  2.5822E+01  2.5822E+01  2.5822E+01  2.5822E+01  4.6301E+01  4.6301E+01  4.6301E+01  4.6301E+01  4.6301E+01  4.6301E+01  4.6301E+01  4.6301E+01  2.5822E+01  2.5822E+01  2.5822E+01
  22094   3  1.4545E+03  1.4545E+03  1.4545E+03  1.4545E+03  1.4545E+03  1.4524E+03  1.4524E+03  1.4524E+03  1.4524E+03  1.4524E+03  1.4524E+03  1.4524E+03  1.4524E+03  1.4545E+03  1.4545E+03  1.4545E+03  1.4545E+03  1.4545E+03  1.4545E+03  1.4545E+03  1.4545E+03  1.4545E+03  1.4545E+03  1.4545E+03
  22458   3  6.1138E-01  6.1138E-01  6.1138E-01  6.1138E-01  6.1138E-01  6.1138E-01  6.1138E-01  6.1138E-01  6.1138E-01  6.1138E-01  6.1138E-01  6.1138E-01  6.1138E-01  6.1138E-01  6.1138E-01  6.1138E-01  6.1138E-01  6.1138E-01  6.1138E-01  6.1138E-01  6.1138E-01  6.1138E-01  6.1138E-01  6.1138E-01
  23854   2  7.6991E+02  7.6991E+02  7.6991E+02  7.6991E+02  7.6991E+02  7.6991E+02  7.6991E+02  7.6991E+02  7.6991E+02  7.6991E+02  7.6991E+02  7.6991E+02  7.6991E+02  7.6991E+02  7.6991E+02  7.6991E+02  7.6991E+02  7.6991E+02  7.6991E+02  7.6991E+02  7.6991E+02  7.6991E+02  7.6991E+02  7.6991E+02
  22806   2  2.3177E+01  2.3177E+01  2.3177E+01  2.3177E+01  2.3177E+01  2.3177E+01  2.3177E+01  2.3177E+01  2.3177E+01  2.3177E+01  2.3177E+01  2.3177E+01  2.3177E+01  2.3177E+01  2.3177E+01  2.3177E+01  2.3177E+01  2.3177E+01  2.3177E+01  2.3177E+01  2.3177E+01  2.3177E+01  2.3177E+01  2.3177E+01
  22805   3  9.9304E-01  9.9304E-01  9.9304E-01  9.9304E-01  9.9304E-01  9.9304E-01  9.9304E-01  9.9304E-01  9.9304E-01  9.9304E-01  9.9304E-01  9.9304E-01  9.9304E-01  9.9304E-01  9.9304E-01  9.9304E-01  9.9304E-01  9.9304E-01  9.9304E-01  9.9304E-01  9.9304E-01  9.9304E-01  9.9304E-01  9.9304E-01
  23506   4  4.5950E+02  4.5950E+02  4.5950E+02  4.5950E+02  4.5950E+02  4.5950E+02  4.5950E+02  4.5950E+02  4.5950E+02  4.5950E+02  4.5950E+02  4.5950E+02  4.5950E+02  4.5950E+02  4.5950E+02  4.5950E+02  4.5950E+02  4.5950E+02  4.5950E+02  4.5950E+02  4.5950E+02  4.5950E+02  4.5950E+02  4.5950E+02
  21740   3  3.4663E-01  3.4663E-01  3.4663E-01  3.4663E-01  3.4663E-01  3.4663E-01  3.4663E-01  3.4663E-01  3.4663E-01  3.4663E-01  3.4663E-01  3.4663E-01  3.4663E-01  3.4663E-01  3.4663E-01  3.4663E-01  3.4663E-01  3.4663E-01  3.4663E-01  3.4663E-01  3.4663E-01  3.4663E-01  3.4663E-01  3.4663E-01
  21739   3  1.1968E+00  1.1968E+00  1.1968E+00  1.1968E+00  1.1968E+00  1.1968E+00  1.1968E+00  1.1968E+00  1.1968E+00  1.1968E+00  1.1968E+00  1.1968E+00  1.1968E+00  1.1968E+00  1.1968E+00  1.1968E+00  1.1968E+00  1.1968E+00  1.1968E+00  1.1968E+00  1.1968E+00  1.1968E+00  1.1968E+00  1.1968E+00
  22093   2  2.5375E+03  2.5375E+03  2.5375E+03  2.5375E+03  2.5375E+03  2.5375E+03  2.5375E+03  2.5375E+03  2.5375E+03  2.5375E+03  2.5375E+03  2.5375E+03  2.5375E+03  2.5375E+03  2.5375E+03  2.5375E+03  2.5375E+03  2.5375E+03  2.5375E+03  2.5375E+03  2.5375E+03  2.5375E+03  2.5375E+03  2.5375E+03
  21744   2  5.8422E+01  5.8422E+01  5.8422E+01  5.8422E+01  5.8422E+01  5.8422E+01  5.8422E+01  5.8422E+01  5.8422E+01  5.8422E+01  5.8422E+01  5.8422E+01  5.8422E+01  5.8422E+01  5.8422E+01  5.8422E+01  5.8422E+01  5.8422E+01  5.8422E+01  5.8422E+01  5.8422E+01  5.8422E+01  5.8422E+01  5.8422E+01
  21391   3  1.0962E+01  1.0962E+01  1.0962E+01  1.0962E+01  1.0962E+01  1.0962E+01  1.0962E+01  1.0962E+01  1.0962E+01  1.0962E+01  1.0962E+01  1.0962E+01  1.0962E+01  1.0962E+01  1.0962E+01  1.0962E+01  1.0962E+01  1.0962E+01  1.0962E+01  1.0962E+01  1.0962E+01  1.0962E+01  1.0962E+01  1.0962E+01
  22445   3  1.9308E+04  1.9308E+04  1.9308E+04  1.9308E+04  1.9308E+04  1.9308E+04  1.9308E+04  1.9308E+04  1.9308E+04  1.9308E+04  1.9308E+04  1.9308E+04  1.9308E+04  1.9308E+04  1.9308E+04  1.9308E+04  1.9308E+04  1.9308E+04  1.9308E+04  1.9308E+04  1.9308E+04  1.9308E+04  1.9308E+04  1.9308E+04
  22446   4  9.1698E+04  9.0341E+04  8.5299E+04  7.6964E+04  6.8240E+04  5.7684E+04  5.3412E+04  5.1275E+04  5.0563E+04  5.1987E+04  5.6260E+04  6.3026E+04  7.1749E+04  7.7091E+04  8.1364E+04  8.5102E+04  8.6526E+04  8.7951E+04  8.8485E+04  8.9197E+04  8.9019E+04  8.8485E+04  8.7061E+04  8.4924E+04
  22810   4  2.4140E+01  2.4140E+01  2.4140E+01  2.4140E+01  2.4140E+01  2.4140E+01  2.4140E+01  2.4140E+01  2.4140E+01  2.4140E+01  2.4140E+01  2.4140E+01  2.4140E+01  2.4140E+01  2.4140E+01  2.4140E+01  2.4140E+01  2.4140E+01  2.4140E+01  2.4140E+01  2.4140E+01  2.4140E+01  2.4140E+01  2.4140E+01
  25224   4  2.2062E+02  2.2062E+02  2.2062E+02  2.2062E+02  2.2062E+02  2.2062E+02  2.2062E+02  2.2062E+02  2.2062E+02  2.2062E+02  2.2062E+02  2.2062E+02  2.2062E+02  2.4235E+02  2.4235E+02  2.4235E+02  2.4235E+02  2.4235E+02  2.4235E+02  2.4235E+02  2.4235E+02  2.2062E+02  2.2062E+02  2.2062E+02
  25223   4  8.2361E+00  8.2361E+00  8.2361E+00  8.2361E+00  8.2361E+00  8.1683E+00  8.1683E+00  8.1683E+00  8.1683E+00  8.1683E+00  8.1683E+00  8.1683E+00  8.1683E+00  8.2361E+00  8.2361E+00  8.2361E+00  8.2361E+00  8.2361E+00  8.2361E+00  8.2361E+00  8.2361E+00  8.2361E+00  8.2361E+00  8.2361E+00
  24870   4  6.4997E+01  6.4997E+01  6.4997E+01  6.4997E+01  6.4997E+01  6.4997E+01  6.4997E+01  6.4997E+01  6.4997E+01  6.4997E+01  6.4997E+01  6.4997E+01  6.4997E+01  6.4997E+01  6.4997E+01  6.4997E+01  6.4997E+01  6.4997E+01  6.4997E+01  6.4997E+01  6.4997E+01  6.4997E+01  6.4997E+01  6.4997E+01
  24871   4  1.4196E+00  1.4196E+00  1.4196E+00  1.4196E+00  1.4196E+00  1.4196E+00  1.4196E+00  1.4196E+00  1.4196E+00  1.4196E+00  1.4196E+00  1.4196E+00  1.4196E+00  1.4196E+00  1.4196E+00  1.4196E+00  1.4196E+00  1.4196E+00  1.4196E+00  1.4196E+00  1.4196E+00  1.4196E+00  1.4196E+00  1.4196E+00
  23814   4  1.5604E+00  1.5604E+00  1.5604E+00  1.5604E+00  1.5604E+00  1.5604E+00  1.5604E+00  1.5604E+00  1.5604E+00  1.5604E+00  1.5604E+00  1.5604E+00  1.5604E+00  1.5604E+00  1.5604E+00  1.5604E+00  1.5604E+00  1.5604E+00  1.5604E+00  1.5604E+00  1.5604E+00  1.5604E+00  1.5604E+00  1.5604E+00
  23464   4  4.2421E+03  4.2421E+03  4.2421E+03  4.2421E+03  4.2421E+03  4.2421E+03  4.2421E+03  4.2421E+03  4.2421E+03  4.2421E+03  4.2421E+03  4.2421E+03  4.2421E+03  4.2421E+03  4.2421E+03  4.2421E+03  4.2421E+03  4.2421E+03  4.2421E+03  4.2421E+03  4.2421E+03  4.2421E+03  4.2421E+03  4.2421E+03
  24519   4  2.3581E+01  2.3581E+01  2.3581E+01  2.3581E+01  2.3581E+01  2.3581E+01  2.3581E+01  2.3581E+01  2.3581E+01  2.3581E+01  2.3581E+01  2.3581E+01  2.3581E+01  2.3581E+01  2.3581E+01  2.3581E+01  2.3581E+01  2.3581E+01  2.3581E+01  2.3581E+01  2.3581E+01  2.3581E+01  2.3581E+01  2.3581E+01
  24518   4  1.8350E+00  1.8350E+00  1.8350E+00  1.8350E+00  1.8350E+00  1.8350E+00  1.8350E+00  1.8350E+00  1.8350E+00  1.8350E+00  1.8350E+00  1.8350E+00  1.8350E+00  1.8350E+00  1.8350E+00  1.8350E+00  1.8350E+00  1.8350E+00  1.8350E+00  1.8350E+00  1.8350E+00  1.8350E+00  1.8350E+00  1.8350E+00
  22745   4  6.4624E+01  6.4624E+01  6.4624E+01  6.4624E+01  6.4624E+01  6.4624E+01  6.4624E+01  6.4624E+01  6.4624E+01  6.4624E+01  6.4624E+01  6.4624E+01  6.4624E+01  6.4624E+01  6.4624E+01  6.4624E+01  6.4624E+01  6.4624E+01  6.4624E+01  6.4624E+01  6.4624E+01  6.4624E+01  6.4624E+01  6.4624E+01
  24163   4  2.1770E+01  2.1770E+01  2.1770E+01  2.1770E+01  2.1770E+01  2.1770E+01  2.1770E+01  2.1770E+01  2.1770E+01  2.1770E+01  2.1770E+01  2.1770E+01  2.1770E+01  2.1770E+01  2.1770E+01  2.1770E+01  2.1770E+01  2.1770E+01  2.1770E+01  2.1770E+01  2.1770E+01  2.1770E+01  2.1770E+01  2.1770E+01
  24517   4  1.3664E+00  1.3664E+00  1.3664E+00  1.3664E+00  1.3664E+00  1.3664E+00  1.3664E+00  1.3664E+00  1.3664E+00  1.3664E+00  1.3664E+00  1.3664E+00  1.3664E+00  1.3664E+00  1.3664E+00  1.3664E+00  1.3664E+00  1.3664E+00  1.3664E+00  1.3664E+00  1.3664E+00  1.3664E+00  1.3664E+00  1.3664E+00
  20280   4  2.6441E+02  2.6441E+02  2.6441E+02  2.6441E+02  2.6441E+02  2.6441E+02  2.6441E+02  2.6441E+02  2.6441E+02  2.6441E+02  2.6441E+02  2.6441E+02  2.6441E+02  2.6441E+02  2.6441E+02  2.6441E+02  2.6441E+02  2.6441E+02  2.6441E+02  2.6441E+02  2.6441E+02  2.6441E+02  2.6441E+02  2.6441E+02
  25575   4  2.4416E+01  2.4416E+01  2.4416E+01  2.4416E+01  2.4416E+01  2.4416E+01  2.4416E+01  2.4416E+01  2.4416E+01  2.4416E+01  2.4416E+01  2.4416E+01  2.4416E+01  2.4416E+01  2.4416E+01  2.4416E+01  2.4416E+01  2.4416E+01  2.4416E+01  2.4416E+01  2.4416E+01  2.4416E+01  2.4416E+01  2.4416E+01
  24868   4  1.1444E+01  1.1444E+01  1.1444E+01  1.1444E+01  1.1444E+01  1.1444E+01  1.1444E+01  1.1444E+01  1.1444E+01  1.1444E+01  1.1444E+01  1.1444E+01  1.1444E+01  1.1444E+01  1.1444E+01  1.1444E+01  1.1444E+01  1.1444E+01  1.1444E+01  1.1444E+01  1.1444E+01  1.1444E+01  1.1444E+01  1.1444E+01
  24869   4  2.3519E+00  2.3519E+00  2.3519E+00  2.3519E+00  2.3519E+00  2.3519E+00  2.3519E+00  2.3519E+00  2.3519E+00  2.3519E+00  2.3519E+00  2.3519E+00  2.3519E+00  2.3519E+00  2.3519E+00  2.3519E+00  2.3519E+00  2.3519E+00  2.3519E+00  2.3519E+00  2.3519E+00  2.3519E+00  2.3519E+00  2.3519E+00
  20686   3  1.1770E+01  1.1599E+01  1.0966E+01  9.9172E+00  8.8201E+00  7.4927E+00  6.9554E+00  6.6867E+00  6.5972E+00  6.7763E+00  7.3136E+00  8.1644E+00  9.2615E+00  9.9331E+00  1.0470E+01  1.0941E+01  1.1120E+01  1.1299E+01  1.1366E+01  1.1456E+01  1.1433E+01  1.1366E+01  1.1187E+01  1.0918E+01
  22095   3  5.7220E+02  5.7220E+02  5.7220E+02  5.7220E+02  5.7220E+02  5.7220E+02  5.7220E+02  5.7220E+02  5.7220E+02  5.7220E+02  5.7220E+02  5.7220E+02  5.7220E+02  5.7220E+02  5.7220E+02  5.7220E+02  5.7220E+02  5.7220E+02  5.7220E+02  5.7220E+02  5.7220E+02  5.7220E+02  5.7220E+02  5.7220E+02
  20684   3  6.5516E-01  6.5516E-01  6.5516E-01  6.5516E-01  6.5516E-01  6.5516E-01  6.5516E-01  6.5516E-01  6.5516E-01  6.5516E-01  6.5516E-01  6.5516E-01  6.5516E-01  2.1015E+01  2.1015E+01  2.1015E+01  2.1015E+01  2.1015E+01  2.1015E+01  2.1015E+01  2.1015E+01  6.5516E-01  6.5516E-01  6.5516E-01
  20683   7  2.0774E+01  2.0581E+01  1.9861E+01  1.8670E+01  1.7425E+01  1.5917E+01  1.5307E+01  1.5002E+01  1.4900E+01  1.5103E+01  1.5713E+01  1.6680E+01  1.7926E+01  8.4209E+01  8.4820E+01  8.5353E+01  8.5557E+01  8.5760E+01  8.5837E+01  8.5938E+01  8.5913E+01  2.0316E+01  2.0112E+01  1.9807E+01
  21036   3  5.7957E+00  5.7957E+00  5.7957E+00  5.7957E+00  5.7957E+00  5.5567E+00  5.5567E+00  5.5567E+00  5.5567E+00  5.5567E+00  5.5567E+00  5.5567E+00  5.5567E+00  5.7983E+00  5.7983E+00  5.7983E+00  5.7983E+00  5.7983E+00  5.7983E+00  5.7983E+00  5.7983E+00  5.7957E+00  5.7957E+00  5.7957E+00
  19275   3  1.1323E+01  1.1323E+01  1.1323E+01  1.1323E+01  1.1323E+01  1.1323E+01  1.1323E+01  1.1323E+01  1.1323E+01  1.1323E+01  1.1323E+01  1.1323E+01  1.1323E+01  1.1323E+01  1.1323E+01  1.1323E+01  1.1323E+01  1.1323E+01  1.1323E+01  1.1323E+01  1.1323E+01  1.1323E+01  1.1323E+01  1.1323E+01
  19274   3  2.9196E+00  2.9196E+00  2.9196E+00  2.9196E+00  2.9196E+00  2.9196E+00  2.9196E+00  2.9196E+00  2.9196E+00  2.9196E+00  2.9196E+00  2.9196E+00  2.9196E+00  2.9196E+00  2.9196E+00  2.9196E+00  2.9196E+00  2.9196E+00  2.9196E+00  2.9196E+00  2.9196E+00  2.9196E+00  2.9196E+00  2.9196E+00
  20331   2  1.4596E+02  1.4596E+02  1.4596E+02  1.4596E+02  1.4596E+02  1.0070E+02  1.0070E+02  1.0070E+02  1.0070E+02  1.0070E+02  1.0070E+02  1.0070E+02  1.0205E+02  1.7618E+02  1.7618E+02  1.7618E+02  1.7618E+02  1.7618E+02  1.7618E+02  1.7618E+02  1.7618E+02  1.4596E+02  1.4596E+02  1.4596E+02
  19628   2  2.3266E+01  2.3266E+01  2.3266E+01  2.3266E+01  2.3266E+01  9.0055E+00  9.0055E+00  9.0055E+00  9.0055E+00  9.0055E+00  9.0055E+00  9.0055E+00  9.0103E+00  2.3266E+01  2.3266E+01  2.3266E+01  2.3266E+01  2.3266E+01  2.3266E+01  2.3266E+01  2.3266E+01  2.3266E+01  2.3266E+01  2.3266E+01
  19267   2  6.4068E+01  6.4068E+01  6.4068E+01  6.4068E+01  6.4068E+01  6.4068E+01  6.4068E+01  6.4068E+01  6.4068E+01  6.4068E+01  6.4068E+01  6.4068E+01  6.4068E+01  2.1755E+02  2.1755E+02  2.1755E+02  2.1755E+02  2.1755E+02  2.1755E+02  2.1755E+02  2.1755E+02  6.4068E+01  6.4068E+01  6.4068E+01
  19620   3  5.9568E+02  5.9568E+02  5.9568E+02  5.9568E+02  5.9568E+02  1.1637E-02  1.1637E-02  1.1637E-02  1.1637E-02  1.1637E-02  1.1637E-02  1.1637E-02  1.1637E-02  5.9568E+02  5.9568E+02  5.9568E+02  5.9568E+02  5.9568E+02  5.9568E+02  5.9568E+02  5.9568E+02  5.9568E+02  5.9568E+02  5.9568E+02
  18913   3  9.7142E-01  9.7142E-01  9.7142E-01  9.7142E-01  9.7142E-01  9.7142E-01  9.7142E-01  9.7142E-01  9.7142E-01  9.7142E-01  9.7142E-01  9.7142E-01  9.7142E-01  9.7142E-01  9.7142E-01  9.7142E-01  9.7142E-01  9.7142E-01  9.7142E-01  9.7142E-01  9.7142E-01  9.7142E-01  9.7142E-01  9.7142E-01
  19975   7  2.0493E+02  2.0493E+02  2.0493E+02  2.0493E+02  2.0493E+02  1.1268E+01  1.1268E+01  1.1268E+01  1.1268E+01  1.1268E+01  1.1268E+01  1.1268E+01  1.1268E+01  2.2066E+02  2.2066E+02  2.2066E+02  2.2066E+02  2.2066E+02  2.2066E+02  2.2066E+02  2.2066E+02  2.0493E+02  2.0493E+02  2.0493E+02
  19979   4  1.5574E+00  1.5574E+00  1.5574E+00  1.5574E+00  1.5574E+00  1.5574E+00  1.5574E+00  1.5574E+00  1.5574E+00  1.5574E+00  1.5574E+00  1.5574E+00  1.5574E+00  1.7845E+01  1.7845E+01  1.7845E+01  1.7845E+01  1.7845E+01  1.7845E+01  1.7845E+01  1.7845E+01  1.5574E+00  1.5574E+00  1.5574E+00
  20681   4  1.5024E+01  1.5024E+01  1.5024E+01  1.5024E+01  1.5024E+01  1.5024E+01  1.5024E+01  1.5024E+01  1.5024E+01  1.5024E+01  1.5024E+01  1.5024E+01  1.5024E+01  1.5024E+01  1.5024E+01  1.5024E+01  1.5024E+01  1.5024E+01  1.5024E+01  1.5024E+01  1.5024E+01  1.5024E+01  1.5024E+01  1.5024E+01
  18915   2  3.3276E-01  3.3276E-01  3.3276E-01  3.3276E-01  3.3276E-01  3.3276E-01  3.3276E-01  3.3276E-01  3.3276E-01  3.3276E-01  3.3276E-01  3.3276E-01  3.3276E-01  3.3276E-01  3.3276E-01  3.3276E-01  3.3276E-01  3.3276E-01  3.3276E-01  3.3276E-01  3.3276E-01  3.3276E-01  3.3276E-01  3.3276E-01
  21038   2  6.4417E+00  6.4417E+00  6.4417E+00  6.4417E+00  6.4417E+00  6.4417E+00  6.4417E+00  6.4417E+00  6.4417E+00  6.4417E+00  6.4417E+00  6.4417E+00  6.4417E+00  6.4417E+00  6.4417E+00  6.4417E+00  6.4417E+00  6.4417E+00  6.4417E+00  6.4417E+00  6.4417E+00  6.4417E+00  6.4417E+00  6.4417E+00
  18562   3  9.7269E-01  9.7269E-01  9.7269E-01  9.7269E-01  9.7269E-01  9.7269E-01  9.7269E-01  9.7269E-01  9.7269E-01  9.7269E-01  9.7269E-01  9.7269E-01  9.7269E-01  9.7269E-01  9.7269E-01  9.7269E-01  9.7269E-01  9.7269E-01  9.7269E-01  9.7269E-01  9.7269E-01  9.7269E-01  9.7269E-01  9.7269E-01
  19266   2  5.1149E-01  5.1149E-01  5.1149E-01  5.1149E-01  5.1149E-01  5.1149E-01  5.1149E-01  5.1149E-01  5.1149E-01  5.1149E-01  5.1149E-01  5.1149E-01  5.1149E-01  5.1149E-01  5.1149E-01  5.1149E-01  5.1149E-01  5.1149E-01  5.1149E-01  5.1149E-01  5.1149E-01  5.1149E-01  5.1149E-01  5.1149E-01
  19265   2  1.4417E+02  1.4417E+02  1.4417E+02  1.4417E+02  1.4417E+02  1.4387E+02  1.4387E+02  1.4387E+02  1.4387E+02  1.4387E+02  1.4387E+02  1.4387E+02  1.4417E+02  2.1257E+02  2.1257E+02  2.1257E+02  2.1257E+02  2.1257E+02  2.1257E+02  2.1257E+02  2.1257E+02  1.4417E+02  1.4417E+02  1.4417E+02
  18912   3  5.9528E-03  5.9528E-03  5.9528E-03  5.9528E-03  5.9528E-03  5.9528E-03  5.9528E-03  5.9528E-03  5.9528E-03  5.9528E-03  5.9528E-03  5.9528E-03  5.9528E-03  5.9528E-03  5.9528E-03  5.9528E-03  5.9528E-03  5.9528E-03  5.9528E-03  5.9528E-03  5.9528E-03  5.9528E-03  5.9528E-03  5.9528E-03
  19973   3  4.7065E+00  4.7065E+00  4.7065E+00  4.7065E+00  4.7065E+00  4.7065E+00  4.7065E+00  4.7065E+00  4.7065E+00  4.7065E+00  4.7065E+00  4.7065E+00  4.7065E+00  4.7065E+00  4.7065E+00  4.7065E+00  4.7065E+00  4.7065E+00  4.7065E+00  4.7065E+00  4.7065E+00  4.7065E+00  4.7065E+00  4.7065E+00
  20682   2  1.0964E+01  1.0964E+01  1.0964E+01  1.0964E+01  1.0964E+01  1.0964E+01  1.0964E+01  1.0964E+01  1.0964E+01  1.0964E+01  1.0964E+01  1.0964E+01  1.0964E+01  5.7116E+01  5.7116E+01  5.7116E+01  5.7116E+01  5.7116E+01  5.7116E+01  5.7116E+01  5.7116E+01  1.0964E+01  1.0964E+01  1.0964E+01
  21035   2  1.7490E-03  1.7490E-03  1.7490E-03  1.7490E-03  1.7490E-03  1.7490E-03  1.7490E-03  1.7490E-03  1.7490E-03  1.7490E-03  1.7490E-03  1.7490E-03  1.7490E-03  1.7490E-03  1.7490E-03  1.7490E-03  1.7490E-03  1.7490E-03  1.7490E-03  1.7490E-03  1.7490E-03  1.7490E-03  1.7490E-03  1.7490E-03
  20665   2  2.1914E+00  2.1914E+00  2.1914E+00  2.1914E+00  2.1914E+00  2.1914E+00  2.1914E+00  2.1914E+00  2.1914E+00  2.1914E+00  2.1914E+00  2.1914E+00  2.1914E+00  2.1914E+00  2.1914E+00  2.1914E+00  2.1914E+00  2.1914E+00  2.1914E+00  2.1914E+00  2.1914E+00  2.1914E+00  2.1914E+00  2.1914E+00
  21015   2  4.2606E-01  4.2606E-01  4.2606E-01  4.2606E-01  4.2606E-01  4.2606E-01  4.2606E-01  4.2606E-01  4.2606E-01  4.2606E-01  4.2606E-01  4.2606E-01  4.2606E-01  4.2606E-01  4.2606E-01  4.2606E-01  4.2606E-01  4.2606E-01  4.2606E-01  4.2606E-01  4.2606E-01  4.2606E-01  4.2606E-01  4.2606E-01
  13938   2  4.5790E+03  4.5790E+03  4.5790E+03  4.5790E+03  4.5741E+03  4.5741E+03  4.5741E+03  4.5741E+03  4.5790E+03  4.5790E+03  4.5790E+03  4.5790E+03  4.5790E+03  4.5790E+03  4.5790E+03  4.5790E+03  4.5790E+03  4.5790E+03  4.5790E+03  4.5790E+03  4.5790E+03  4.5790E+03  4.5790E+03  4.5790E+03
  13235   2  9.8292E-01  9.8292E-01  9.8292E-01  9.8292E-01  9.8292E-01  9.8292E-01  9.8292E-01  9.8292E-01  9.8292E-01  9.8292E-01  9.8292E-01  9.8292E-01  9.8292E-01  9.8292E-01  9.8292E-01  9.8292E-01  9.8292E-01  9.8292E-01  9.8292E-01  9.8292E-01  9.8292E-01  9.8292E-01  9.8292E-01  9.8292E-01
  20658   2  4.8180E+00  4.8180E+00  4.8180E+00  4.8180E+00  4.8180E+00  4.8180E+00  4.8180E+00  4.8180E+00  4.8180E+00  4.8180E+00  4.8180E+00  4.8180E+00  4.8180E+00  4.8180E+00  4.8180E+00  4.8180E+00  4.8180E+00  4.8180E+00  4.8180E+00  4.8180E+00  4.8180E+00  4.8180E+00  4.8180E+00  4.8180E+00
  21013   2  3.8436E+01  3.8436E+01  3.8436E+01  3.8436E+01  3.8436E+01  3.8436E+01  3.8436E+01  3.8436E+01  3.8436E+01  3.8436E+01  3.8436E+01  3.8436E+01  3.8436E+01  3.8436E+01  3.8436E+01  3.8436E+01  3.8436E+01  3.8436E+01  3.8436E+01  3.8436E+01  3.8436E+01  3.8436E+01  3.8436E+01  3.8436E+01
  20659   1  8.7854E+00  8.7854E+00  8.7854E+00  8.7854E+00  8.7854E+00  8.7854E+00  8.7854E+00  8.7854E+00  8.7854E+00  8.7854E+00  8.7854E+00  8.7854E+00  8.7854E+00  8.7854E+00  8.7854E+00  8.7854E+00  8.7854E+00  8.7854E+00  8.7854E+00  8.7854E+00  8.7854E+00  8.7854E+00  8.7854E+00  8.7854E+00
  19590   3  3.0318E+00  3.0318E+00  3.0318E+00  3.0318E+00  3.0318E+00  3.0318E+00  3.0318E+00  3.0318E+00  3.0318E+00  3.0318E+00  3.0318E+00  3.0318E+00  3.0318E+00  3.0318E+00  3.0318E+00  3.0318E+00  3.0318E+00  3.0318E+00  3.0318E+00  3.0318E+00  3.0318E+00  3.0318E+00  3.0318E+00  3.0318E+00
  19610   3  3.9428E+00  3.9428E+00  3.9428E+00  3.9428E+00  3.9428E+00  3.9428E+00  3.9428E+00  3.9428E+00  3.9428E+00  3.9428E+00  3.9428E+00  3.9428E+00  3.9428E+00  3.9428E+00  3.9428E+00  3.9428E+00  3.9428E+00  3.9428E+00  3.9428E+00  3.9428E+00  3.9428E+00  3.9428E+00  3.9428E+00  3.9428E+00
  17156   4  1.5950E+00  1.5950E+00  1.5950E+00  1.5950E+00  1.5950E+00  1.5950E+00  1.5950E+00  1.5950E+00  1.5950E+00  1.5950E+00  1.5950E+00  1.5950E+00  1.5950E+00  1.5950E+00  1.5950E+00  1.5950E+00  1.5950E+00  1.5950E+00  1.5950E+00  1.5950E+00  1.5950E+00  1.5950E+00  1.5950E+00  1.5950E+00
  17506   3  4.1822E+01  4.1822E+01  4.1822E+01  4.1822E+01  4.1822E+01  4.1822E+01  4.1822E+01  4.1822E+01  4.1822E+01  4.1822E+01  4.1822E+01  4.1822E+01  4.1822E+01  4.3618E+01  4.3618E+01  4.3618E+01  4.3618E+01  4.3618E+01  4.3618E+01  4.3618E+01  4.3618E+01  4.1822E+01  4.1822E+01  4.1822E+01
  18212   3  3.6192E+00  3.6192E+00  3.6192E+00  3.6192E+00  3.6192E+00  3.6192E+00  3.6192E+00  3.6192E+00  3.6192E+00  3.6192E+00  3.6192E+00  3.6192E+00  3.6192E+00  3.6192E+00  3.6192E+00  3.6192E+00  3.6192E+00  3.6192E+00  3.6192E+00  3.6192E+00  3.6192E+00  3.6192E+00  3.6192E+00  3.6192E+00
  17510   3  3.8913E+01  3.8913E+01  3.8913E+01  3.8913E+01  3.8913E+01  3.8913E+01  3.8913E+01  3.8913E+01  3.8913E+01  3.8913E+01  3.8913E+01  3.8913E+01  3.8913E+01  3.8913E+01  3.8913E+01  3.8913E+01  3.8913E+01  3.8913E+01  3.8913E+01  3.8913E+01  3.8913E+01  3.8913E+01  3.8913E+01  3.8913E+01
  16476   3  4.7393E-01  4.7393E-01  4.7393E-01  4.7393E-01  4.7393E-01  4.7393E-01  4.7393E-01  4.7393E-01  4.7393E-01  4.7393E-01  4.7393E-01  4.7393E-01  4.7393E-01  4.7393E-01  4.7393E-01  4.7393E-01  4.7393E-01  4.7393E-01  4.7393E-01  4.7393E-01  4.7393E-01  4.7393E-01  4.7393E-01  4.7393E-01
   7320   4  5.1174E-03  5.1174E-03  5.1174E-03  5.1174E-03  5.1174E-03  5.1174E-03  5.1174E-03  5.1174E-03  5.1174E-03  5.1174E-03  5.1174E-03  5.1174E-03  5.1174E-03  5.1174E-03  5.1174E-03  5.1174E-03  5.1174E-03  5.1174E-03  5.1174E-03  5.1174E-03  5.1174E-03  5.1174E-03  5.1174E-03  5.1174E-03
  10496   4  8.3619E+02  8.3619E+02  8.3619E+02  8.3619E+02  8.3619E+02  8.3619E+02  8.3619E+02  8.3619E+02  8.3619E+02  8.3619E+02  8.3619E+02  8.3619E+02  8.3619E+02  8.3619E+02  8.3619E+02  8.3619E+02  8.3619E+02  8.3619E+02  8.3619E+02  8.3619E+02  8.3619E+02  8.3619E+02  8.3619E+02  8.3619E+02
  10122   7  4.0726E+01  4.0726E+01  4.0726E+01  4.0726E+01  4.0726E+01  4.0726E+01  4.0726E+01  4.0726E+01  4.0726E+01  4.0726E+01  4.0726E+01  4.0726E+01  4.0726E+01  4.0726E+01  4.0726E+01  4.0726E+01  4.0726E+01  4.0726E+01  4.0726E+01  4.0726E+01  4.0726E+01  4.0726E+01  4.0726E+01  4.0726E+01
   6258   4  1.1225E+04  1.1225E+04  1.1225E+04  1.1225E+04  1.1225E+04  1.1225E+04  1.1225E+04  1.1225E+04  1.1225E+04  1.1225E+04  1.1225E+04  1.1225E+04  1.1225E+04  1.1225E+04  1.1225E+04  1.1225E+04  1.1225E+04  1.1225E+04  1.1225E+04  1.1225E+04  1.1225E+04  1.1225E+04  1.1225E+04  1.1225E+04
  11525   3  3.8133E+00  3.8133E+00  3.8133E+00  3.8133E+00  3.8133E+00  3.8133E+00  3.8133E+00  3.8133E+00  3.8133E+00  3.8133E+00  3.8133E+00  3.8133E+00  3.8133E+00  3.8133E+00  3.8133E+00  3.8133E+00  3.8133E+00  3.8133E+00  3.8133E+00  3.8133E+00  3.8133E+00  3.8133E+00  3.8133E+00  3.8133E+00
  18579   2  6.2804E+03  6.2804E+03  6.2804E+03  6.2804E+03  6.2804E+03  6.2804E+03  6.2804E+03  6.2804E+03  6.2804E+03  6.2804E+03  6.2804E+03  6.2804E+03  6.2804E+03  6.2804E+03  6.2804E+03  6.2804E+03  6.2804E+03  6.2804E+03  6.2804E+03  6.2804E+03  6.2804E+03  6.2804E+03  6.2804E+03  6.2804E+03
  18225   2  3.9728E+00  3.9728E+00  3.9728E+00  3.9728E+00  3.9728E+00  3.9728E+00  3.9728E+00  3.9728E+00  3.9728E+00  3.9728E+00  3.9728E+00  3.9728E+00  3.9728E+00  3.9907E+00  3.9907E+00  3.9907E+00  3.9907E+00  3.9907E+00  3.9907E+00  3.9907E+00  3.9907E+00  3.9728E+00  3.9728E+00  3.9728E+00
  18576   2  1.0827E+03  1.0827E+03  1.0827E+03  1.0827E+03  1.0827E+03  1.0827E+03  1.0827E+03  1.0827E+03  1.0827E+03  1.0827E+03  1.0827E+03  1.0827E+03  1.0827E+03  1.0827E+03  1.0827E+03  1.0827E+03  1.0827E+03  1.0827E+03  1.0827E+03  1.0827E+03  1.0827E+03  1.0827E+03  1.0827E+03  1.0827E+03
  22115   3  9.3625E-01  9.3625E-01  9.3625E-01  9.3625E-01  9.3625E-01  9.3625E-01  9.3625E-01  9.3625E-01  9.3625E-01  9.3625E-01  9.3625E-01  9.3625E-01  9.3625E-01  9.3625E-01  9.3625E-01  9.3625E-01  9.3625E-01  9.3625E-01  9.3625E-01  9.3625E-01  9.3625E-01  9.3625E-01  9.3625E-01  9.3625E-01
  15750   3  4.1282E+00  4.1282E+00  4.1282E+00  4.1282E+00  4.1282E+00  4.1282E+00  4.1282E+00  4.1282E+00  4.1282E+00  4.1282E+00  4.1282E+00  4.1282E+00  4.1282E+00  4.1282E+00  4.1282E+00  4.1282E+00  4.1282E+00  4.1282E+00  4.1282E+00  4.1282E+00  4.1282E+00  4.1282E+00  4.1282E+00  4.1282E+00
  16455   3  4.6241E+01  4.6241E+01  4.6241E+01  4.6241E+01  4.6241E+01  4.6241E+01  4.6241E+01  4.6241E+01  4.6241E+01  4.6241E+01  4.6241E+01  4.6241E+01  4.6241E+01  4.6241E+01  4.6241E+01  4.6241E+01  4.6241E+01  4.6241E+01  4.6241E+01  4.6241E+01  4.6241E+01  4.6241E+01  4.6241E+01  4.6241E+01
  18223   2  5.3787E+01  5.3787E+01  5.3787E+01  5.3787E+01  5.3787E+01  5.1588E+01  5.1588E+01  5.1588E+01  5.1588E+01  5.1588E+01  5.1588E+01  5.1588E+01  5.1588E+01  6.0667E+01  6.0667E+01  6.0667E+01  6.0667E+01  6.0667E+01  6.0667E+01  6.0667E+01  6.0667E+01  5.3787E+01  5.3787E+01  5.3787E+01
  18224   2  1.5072E+02  1.5072E+02  1.5072E+02  1.5072E+02  1.5072E+02  1.2914E+02  1.2914E+02  1.2914E+02  1.2914E+02  1.2914E+02  1.2914E+02  1.2914E+02  1.2914E+02  1.5072E+02  1.5072E+02  1.5072E+02  1.5072E+02  1.5072E+02  1.5072E+02  1.5072E+02  1.5072E+02  1.5072E+02  1.5072E+02  1.5072E+02
  18930   3  7.7084E+02  7.7084E+02  7.7084E+02  7.7084E+02  7.7084E+02  7.7084E+02  7.7084E+02  7.7084E+02  7.7084E+02  7.7084E+02  7.7084E+02  7.7084E+02  7.7084E+02  7.7084E+02  7.7084E+02  7.7084E+02  7.7084E+02  7.7084E+02  7.7084E+02  7.7084E+02  7.7084E+02  7.7084E+02  7.7084E+02  7.7084E+02
  18577   3  3.9749E-01  3.9749E-01  3.9749E-01  3.9749E-01  3.9749E-01  3.9749E-01  3.9749E-01  3.9749E-01  3.9749E-01  3.9749E-01  3.9749E-01  3.9749E-01  3.9749E-01  3.9749E-01  3.9749E-01  3.9749E-01  3.9749E-01  3.9749E-01  3.9749E-01  3.9749E-01  3.9749E-01  3.9749E-01  3.9749E-01  3.9749E-01
  18222   3  3.3984E+00  3.3984E+00  3.3984E+00  3.3984E+00  3.3984E+00  3.1201E+00  3.1201E+00  3.1201E+00  3.1201E+00  3.1201E+00  3.1201E+00  3.1201E+00  3.1201E+00  3.7895E+01  3.7895E+01  3.7895E+01  3.7895E+01  3.7895E+01  3.7895E+01  3.7895E+01  3.7895E+01  3.3984E+00  3.3984E+00  3.3984E+00
  18928   4  2.5790E+02  2.5790E+02  2.5790E+02  2.5790E+02  2.5790E+02  2.5790E+02  2.5790E+02  2.5790E+02  2.5790E+02  2.5790E+02  2.5790E+02  2.5790E+02  2.5790E+02  2.5790E+02  2.5790E+02  2.5790E+02  2.5790E+02  2.5790E+02  2.5790E+02  2.5790E+02  2.5790E+02  2.5790E+02  2.5790E+02  2.5790E+02
  18575   4  5.3814E+00  5.3814E+00  5.3814E+00  5.3814E+00  5.3814E+00  5.3814E+00  5.3814E+00  5.3814E+00  5.3814E+00  5.3814E+00  5.3814E+00  5.3814E+00  5.3814E+00  5.3814E+00  5.3814E+00  5.3814E+00  5.3814E+00  5.3814E+00  5.3814E+00  5.3814E+00  5.3814E+00  5.3814E+00  5.3814E+00  5.3814E+00
  15401   3  2.1724E+02  2.1724E+02  2.1724E+02  2.1724E+02  2.1724E+02  2.1724E+02  2.1724E+02  2.1724E+02  2.1724E+02  2.1724E+02  2.1724E+02  2.1724E+02  2.1724E+02  2.1724E+02  2.1724E+02  2.1724E+02  2.1724E+02  2.1724E+02  2.1724E+02  2.1724E+02  2.1724E+02  2.1724E+02  2.1724E+02  2.1724E+02
  15762   4  7.8169E+00  7.8169E+00  7.8169E+00  7.8169E+00  7.8169E+00  7.8169E+00  7.8169E+00  7.8169E+00  7.8169E+00  7.8169E+00  7.8169E+00  7.8169E+00  7.8169E+00  7.8169E+00  7.8169E+00  7.8169E+00  7.8169E+00  7.8169E+00  7.8169E+00  7.8169E+00  7.8169E+00  7.8169E+00  7.8169E+00  7.8169E+00
  18227   4  1.3880E+01  1.3880E+01  1.3880E+01  1.3880E+01  1.3880E+01  1.3880E+01  1.3880E+01  1.3880E+01  1.3880E+01  1.3880E+01  1.3880E+01  1.3880E+01  1.3880E+01  1.3880E+01  1.3880E+01  1.3880E+01  1.3880E+01  1.3880E+01  1.3880E+01  1.3880E+01  1.3880E+01  1.3880E+01  1.3880E+01  1.3880E+01
  21763   4  2.6473E+01  2.6473E+01  2.6473E+01  2.6473E+01  2.6473E+01  2.6473E+01  2.6473E+01  2.6473E+01  2.6473E+01  2.6473E+01  2.6473E+01  2.6473E+01  2.6473E+01  2.6473E+01  2.6473E+01  2.6473E+01  2.6473E+01  2.6473E+01  2.6473E+01  2.6473E+01  2.6473E+01  2.6473E+01  2.6473E+01  2.6473E+01
  24551   4  2.3678E+00  2.3678E+00  2.3678E+00  2.3678E+00  2.3678E+00  2.3678E+00  2.3678E+00  2.3678E+00  2.3678E+00  2.3678E+00  2.3678E+00  2.3678E+00  2.3678E+00  2.3678E+00  2.3678E+00  2.3678E+00  2.3678E+00  2.3678E+00  2.3678E+00  2.3678E+00  2.3678E+00  2.3678E+00  2.3678E+00  2.3678E+00
  24911   4  1.6160E+02  1.6160E+02  1.6160E+02  1.6160E+02  1.6160E+02  1.6160E+02  1.6160E+02  1.6160E+02  1.6160E+02  1.6160E+02  1.6160E+02  1.6160E+02  1.6160E+02  1.6160E+02  1.6160E+02  1.6160E+02  1.6160E+02  1.6160E+02  1.6160E+02  1.6160E+02  1.6160E+02  1.6160E+02  1.6160E+02  1.6160E+02
  24904   3  2.9591E+02  2.9591E+02  2.9591E+02  2.9591E+02  2.9591E+02  2.9107E+02  2.9107E+02  2.9107E+02  2.9107E+02  2.9107E+02  2.9107E+02  2.9107E+02  2.9107E+02  3.2406E+02  3.2406E+02  3.2406E+02  3.2406E+02  3.2406E+02  3.2406E+02  3.2406E+02  3.2406E+02  2.9591E+02  2.9591E+02  2.9591E+02
  25257   3  1.2227E+02  1.2227E+02  1.2227E+02  1.2227E+02  1.2227E+02  1.2227E+02  1.2227E+02  1.2227E+02  1.2227E+02  1.2227E+02  1.2227E+02  1.2227E+02  1.2227E+02  1.2227E+02  1.2227E+02  1.2227E+02  1.2227E+02  1.2227E+02  1.2227E+02  1.2227E+02  1.2227E+02  1.2227E+02  1.2227E+02  1.2227E+02
  23850   3  2.2094E+02  2.2094E+02  2.2094E+02  2.2094E+02  2.2094E+02  2.2094E+02  2.2094E+02  2.2094E+02  2.2094E+02  2.2094E+02  2.2094E+02  2.2094E+02  2.2094E+02  2.2094E+02  2.2094E+02  2.2094E+02  2.2094E+02  2.2094E+02  2.2094E+02  2.2094E+02  2.2094E+02  2.2094E+02  2.2094E+02  2.2094E+02
  25616   3  2.1237E+01  2.1237E+01  2.1237E+01  2.1237E+01  2.1237E+01  2.1237E+01  2.1237E+01  2.1237E+01  2.1237E+01  2.1237E+01  2.1237E+01  2.1237E+01  2.1237E+01  2.1237E+01  2.1237E+01  2.1237E+01  2.1237E+01  2.1237E+01  2.1237E+01  2.1237E+01  2.1237E+01  2.1237E+01  2.1237E+01  2.1237E+01
  27883   4  2.1936E+01  2.1612E+01  2.0406E+01  1.8412E+01  1.6325E+01  1.3799E+01  1.2777E+01  1.2266E+01  1.2096E+01  1.2437E+01  1.3459E+01  1.5077E+01  1.7164E+01  1.8442E+01  1.9464E+01  2.0358E+01  2.0699E+01  2.1040E+01  2.1168E+01  2.1338E+01  2.1295E+01  2.1168E+01  2.0827E+01  2.0316E+01
  18690   4  1.0878E+01  1.0717E+01  1.0119E+01  9.1298E+00  8.0950E+00  6.8428E+00  6.3359E+00  6.0825E+00  5.9980E+00  6.1670E+00  6.6738E+00  7.4764E+00  8.5113E+00  9.1449E+00  9.6517E+00  1.0095E+01  1.0264E+01  1.0433E+01  1.0497E+01  1.0581E+01  1.0560E+01  1.0497E+01  1.0328E+01  1.0074E+01
  30002   3  1.4465E+01  1.4251E+01  1.3455E+01  1.2141E+01  1.0764E+01  9.0993E+00  8.4253E+00  8.0883E+00  7.9759E+00  8.2006E+00  8.8746E+00  9.9418E+00  1.1318E+01  1.2160E+01  1.2834E+01  1.3424E+01  1.3649E+01  1.3874E+01  1.3958E+01  1.4070E+01  1.4042E+01  1.3958E+01  1.3733E+01  1.3396E+01
  29995   4  5.6808E-01  5.5967E-01  5.2844E-01  4.7680E-01  4.2276E-01  3.5736E-01  3.3089E-01  3.1766E-01  3.1324E-01  3.2207E-01  3.4854E-01  3.9045E-01  4.4450E-01  4.7759E-01  5.0406E-01  5.2722E-01  5.3604E-01  5.4487E-01  5.4818E-01  5.5259E-01  5.5148E-01  5.4818E-01  5.3935E-01  5.2612E-01
  31274   4  2.6881E+03  2.6881E+03  2.6881E+03  2.6881E+03  2.6881E+03  2.6881E+03  2.6881E+03  2.6881E+03  2.6881E+03  2.6881E+03  2.6881E+03  2.6881E+03  2.6881E+03  2.6881E+03  2.6881E+03  2.6881E+03  2.6881E+03  2.6881E+03  2.6881E+03  2.6881E+03  2.6881E+03  2.6881E+03  2.6881E+03  2.6881E+03
  30921   4  1.1809E+01  1.1809E+01  1.1809E+01  1.1809E+01  1.1809E+01  1.1809E+01  1.1809E+01  1.1809E+01  1.1809E+01  1.1809E+01  1.1809E+01  1.1809E+01  1.1809E+01  1.1809E+01  1.1809E+01  1.1809E+01  1.1809E+01  1.1809E+01  1.1809E+01  1.1809E+01  1.1809E+01  1.1809E+01  1.1809E+01  1.1809E+01
  31605   3  2.9133E+03  2.9133E+03  2.9133E+03  2.9133E+03  2.9133E+03  2.9133E+03  2.9133E+03  2.9133E+03  2.9133E+03  2.9133E+03  2.9133E+03  2.9133E+03  2.9133E+03  2.9133E+03  2.9133E+03  2.9133E+03  2.9133E+03  2.9133E+03  2.9133E+03  2.9133E+03  2.9133E+03  2.9133E+03  2.9133E+03  2.9133E+03
  31252   3  6.4398E+01  6.4398E+01  6.4398E+01  6.4398E+01  6.4398E+01  6.4398E+01  6.4398E+01  6.4398E+01  6.4398E+01  6.4398E+01  6.4398E+01  6.4398E+01  6.4398E+01  6.4398E+01  6.4398E+01  6.4398E+01  6.4398E+01  6.4398E+01  6.4398E+01  6.4398E+01  6.4398E+01  6.4398E+01  6.4398E+01  6.4398E+01
  31958   4  1.8382E+01  1.8382E+01  1.8382E+01  1.8382E+01  1.8382E+01  1.8382E+01  1.8382E+01  1.8382E+01  1.8382E+01  1.8382E+01  1.8382E+01  1.8382E+01  1.8382E+01  1.8382E+01  1.8382E+01  1.8382E+01  1.8382E+01  1.8382E+01  1.8382E+01  1.8382E+01  1.8382E+01  1.8382E+01  1.8382E+01  1.8382E+01
  31959   4  2.8648E+00  2.8648E+00  2.8648E+00  2.8648E+00  2.8648E+00  2.8648E+00  2.8648E+00  2.8648E+00  2.8648E+00  2.8648E+00  2.8648E+00  2.8648E+00  2.8648E+00  2.8648E+00  2.8648E+00  2.8648E+00  2.8648E+00  2.8648E+00  2.8648E+00  2.8648E+00  2.8648E+00  2.8648E+00  2.8648E+00  2.8648E+00
  30924   4  1.5558E+03  1.5558E+03  1.5558E+03  1.5558E+03  1.5558E+03  1.5558E+03  1.5558E+03  1.5558E+03  1.5558E+03  1.5558E+03  1.5558E+03  1.5558E+03  1.5558E+03  1.5558E+03  1.5558E+03  1.5558E+03  1.5558E+03  1.5558E+03  1.5558E+03  1.5558E+03  1.5558E+03  1.5558E+03  1.5558E+03  1.5558E+03
  30193   4  4.0980E+04  4.0374E+04  3.8121E+04  3.4396E+04  3.0497E+04  2.5779E+04  2.3870E+04  2.2915E+04  2.2597E+04  2.3233E+04  2.5143E+04  2.8166E+04  3.2065E+04  3.4452E+04  3.6362E+04  3.8033E+04  3.8669E+04  3.9306E+04  3.9544E+04  3.9862E+04  3.9783E+04  3.9544E+04  3.8908E+04  3.7953E+04
  48458   4  2.0447E+04  2.0144E+04  1.9020E+04  1.7161E+04  1.5216E+04  1.2862E+04  1.1910E+04  1.1433E+04  1.1274E+04  1.1592E+04  1.2545E+04  1.4053E+04  1.5999E+04  1.7190E+04  1.8142E+04  1.8976E+04  1.9294E+04  1.9611E+04  1.9730E+04  1.9889E+04  1.9849E+04  1.9730E+04  1.9413E+04  1.8936E+04
  43182   4  1.0553E+00  1.0553E+00  1.0553E+00  1.0553E+00  1.0553E+00  6.8508E-01  6.8508E-01  6.8508E-01  6.8508E-01  6.8508E-01  6.8508E-01  6.8508E-01  6.8508E-01  2.7013E+02  2.7013E+02  2.7013E+02  2.7013E+02  2.7013E+02  2.7013E+02  2.7013E+02  2.7013E+02  1.0553E+00  1.0553E+00  1.0553E+00
  36485   4  2.8753E+03  2.8753E+03  2.8753E+03  2.8753E+03  2.8753E+03  2.8753E+03  2.8753E+03  2.8753E+03  2.8753E+03  2.8753E+03  2.8753E+03  2.8753E+03  2.8753E+03  2.9955E+03  2.9955E+03  2.9955E+03  2.9955E+03  2.9955E+03  2.9955E+03  2.9955E+03  2.9955E+03  2.8753E+03  2.8753E+03  2.8753E+03
  37192   3  4.0083E+04  3.9490E+04  3.7286E+04  3.3642E+04  2.9829E+04  2.5215E+04  2.3347E+04  2.2413E+04  2.2102E+04  2.2725E+04  2.4592E+04  2.7550E+04  3.1363E+04  3.3698E+04  3.5566E+04  3.7200E+04  3.7822E+04  3.8445E+04  3.8679E+04  3.8990E+04  3.8912E+04  3.8679E+04  3.8056E+04  3.7122E+04
  14756   3  4.6672E+04  4.6672E+04  4.6672E+04  4.6672E+04  4.6672E+04  4.6672E+04  4.6672E+04  4.6672E+04  4.6672E+04  4.6672E+04  4.6672E+04  4.6672E+04  4.6672E+04  4.6672E+04  4.6672E+04  4.6672E+04  4.6672E+04  4.6672E+04  4.6672E+04  4.6672E+04  4.6672E+04  4.6672E+04  4.6672E+04  4.6672E+04
  14763   1  3.4237E+03  3.4237E+03  3.4237E+03  3.4237E+03  3.4237E+03  3.4237E+03  3.4237E+03  3.4237E+03  3.4237E+03  3.4237E+03  3.4237E+03  3.4237E+03  3.4237E+03  3.4237E+03  3.4237E+03  3.4237E+03  3.4237E+03  3.4237E+03  3.4237E+03  3.4237E+03  3.4237E+03  3.4237E+03  3.4237E+03  3.4237E+03
  19635   3  6.7947E+00  6.7947E+00  6.7947E+00  6.7947E+00  6.7947E+00  2.5916E+00  2.5916E+00  2.5916E+00  2.5916E+00  2.5916E+00  2.5916E+00  2.5916E+00  2.5916E+00  6.7947E+00  6.7947E+00  6.7947E+00  6.7947E+00  6.7947E+00  6.7947E+00  6.7947E+00  6.7947E+00  6.7947E+00  6.7947E+00  6.7947E+00
  19283   1  4.3430E+00  4.3430E+00  4.3430E+00  4.3430E+00  4.3430E+00  4.3430E+00  4.3430E+00  4.3430E+00  4.3430E+00  4.3430E+00  4.3430E+00  4.3430E+00  4.3430E+00  4.3430E+00  4.3430E+00  4.3430E+00  4.3430E+00  4.3430E+00  4.3430E+00  4.3430E+00  4.3430E+00  4.3430E+00  4.3430E+00  4.3430E+00
  19638   1  2.8539E-02  2.8539E-02  2.8539E-02  2.8539E-02  2.8539E-02  2.8539E-02  2.8539E-02  2.8539E-02  2.8539E-02  2.8539E-02  2.8539E-02  2.8539E-02  2.8539E-02  2.8539E-02  2.8539E-02  2.8539E-02  2.8539E-02  2.8539E-02  2.8539E-02  2.8539E-02  2.8539E-02  2.8539E-02  2.8539E-02  2.8539E-02
  19633   2  1.3596E+01  1.3596E+01  1.3596E+01  1.3596E+01  1.3596E+01  2.8324E+00  2.8324E+00  2.8324E+00  2.8324E+00  2.8324E+00  2.8324E+00  2.8324E+00  1.3596E+01  1.3596E+01  1.3596E+01  1.3596E+01  1.3596E+01  1.3596E+01  1.3596E+01  1.3596E+01  1.3596E+01  1.3596E+01  1.3596E+01  1.3596E+01
  20343   1  3.8433E+00  3.8433E+00  3.8433E+00  3.8433E+00  3.8433E+00  3.8433E+00  3.8433E+00  3.8433E+00  3.8433E+00  3.8433E+00  3.8433E+00  3.8433E+00  3.8433E+00  3.8433E+00  3.8433E+00  3.8433E+00  3.8433E+00  3.8433E+00  3.8433E+00  3.8433E+00  3.8433E+00  3.8433E+00  3.8433E+00  3.8433E+00
  19282   1  1.5042E+00  1.5042E+00  1.5042E+00  1.5042E+00  1.5042E+00  1.5042E+00  1.5042E+00  1.5042E+00  1.5042E+00  1.5042E+00  1.5042E+00  1.5042E+00  1.5042E+00  1.5042E+00  1.5042E+00  1.5042E+00  1.5042E+00  1.5042E+00  1.5042E+00  1.5042E+00  1.5042E+00  1.5042E+00  1.5042E+00  1.5042E+00
  19990   3  2.1078E+00  2.1078E+00  2.1078E+00  2.1078E+00  2.1078E+00  2.1078E+00  2.1078E+00  2.1078E+00  2.1078E+00  2.1078E+00  2.1078E+00  2.1078E+00  2.1078E+00  2.1078E+00  2.1078E+00  2.1078E+00  2.1078E+00  2.1078E+00  2.1078E+00  2.1078E+00  2.1078E+00  2.1078E+00  2.1078E+00  2.1078E+00
  18929   1  9.7068E+00  9.7068E+00  9.7068E+00  9.7068E+00  9.7068E+00  9.7068E+00  9.7068E+00  9.7068E+00  9.7068E+00  9.7068E+00  9.7068E+00  9.7068E+00  9.7068E+00  1.1141E+01  1.1141E+01  1.1141E+01  1.1141E+01  1.1141E+01  1.1141E+01  1.1141E+01  1.1141E+01  9.7068E+00  9.7068E+00  9.7068E+00
  19281   1  1.5535E+00  1.5535E+00  1.5535E+00  1.5535E+00  1.5535E+00  1.5535E+00  1.5535E+00  1.5535E+00  1.5535E+00  1.5535E+00  1.5535E+00  1.5535E+00  1.5535E+00  1.5535E+00  1.5535E+00  1.5535E+00  1.5535E+00  1.5535E+00  1.5535E+00  1.5535E+00  1.5535E+00  1.5535E+00  1.5535E+00  1.5535E+00
  19637   1  2.9387E+00  2.9387E+00  2.9387E+00  2.9387E+00  2.9387E+00  2.9387E+00  2.9387E+00  2.9387E+00  2.9387E+00  2.9387E+00  2.9387E+00  2.9387E+00  2.9387E+00  2.9387E+00  2.9387E+00  2.9387E+00  2.9387E+00  2.9387E+00  2.9387E+00  2.9387E+00  2.9387E+00  2.9387E+00  2.9387E+00  2.9387E+00
  17533   1  5.6386E+00  5.6386E+00  5.6386E+00  5.6386E+00  5.6386E+00  5.6386E+00  5.6386E+00  5.6386E+00  5.6386E+00  5.6386E+00  5.6386E+00  5.6386E+00  5.6386E+00  5.6386E+00  5.6386E+00  5.6386E+00  5.6386E+00  5.6386E+00  5.6386E+00  5.6386E+00  5.6386E+00  5.6386E+00  5.6386E+00  5.6386E+00
  15091   2  5.9440E+00  5.9440E+00  5.9440E+00  5.9440E+00  5.9440E+00  5.9440E+00  5.9440E+00  5.9440E+00  5.9440E+00  5.9440E+00  5.9440E+00  5.9440E+00  5.9440E+00  5.9440E+00  5.9440E+00  5.9440E+00  5.9440E+00  5.9440E+00  5.9440E+00  5.9440E+00  5.9440E+00  5.9440E+00  5.9440E+00  5.9440E+00
  14738   1  1.1729E+01  1.1729E+01  1.1729E+01  1.1729E+01  1.1729E+01  1.1729E+01  1.1729E+01  1.1729E+01  1.1729E+01  1.1729E+01  1.1729E+01  1.1729E+01  1.1729E+01  1.1729E+01  1.1729E+01  1.1729E+01  1.1729E+01  1.1729E+01  1.1729E+01  1.1729E+01  1.1729E+01  1.1729E+01  1.1729E+01  1.1729E+01
  14383   4  2.0793E+03  2.0793E+03  2.0793E+03  2.0793E+03  2.0793E+03  2.0793E+03  2.0793E+03  2.0793E+03  2.0793E+03  2.0793E+03  2.0793E+03  2.0793E+03  2.0793E+03  2.0793E+03  2.0793E+03  2.0793E+03  2.0793E+03  2.0793E+03  2.0793E+03  2.0793E+03  2.0793E+03  2.0793E+03  2.0793E+03  2.0793E+03
  17531   4  7.5245E+04  7.5245E+04  7.5245E+04  7.5245E+04  7.5245E+04  7.5245E+04  7.5245E+04  7.5245E+04  7.5245E+04  7.5245E+04  7.5245E+04  7.5245E+04  7.5245E+04  7.5245E+04  7.5245E+04  7.5245E+04  7.5245E+04  7.5245E+04  7.5245E+04  7.5245E+04  7.5245E+04  7.5245E+04  7.5245E+04  7.5245E+04
  21411   4  9.7463E-02  9.7463E-02  9.7463E-02  9.7463E-02  9.7463E-02  9.7463E-02  9.7463E-02  9.7463E-02  9.7463E-02  9.7463E-02  9.7463E-02  9.7463E-02  9.7463E-02  9.7463E-02  9.7463E-02  9.7463E-02  9.7463E-02  9.7463E-02  9.7463E-02  9.7463E-02  9.7463E-02  9.7463E-02  9.7463E-02  9.7463E-02
  20709   3  2.5331E+01  2.5331E+01  2.5331E+01  2.5331E+01  2.5331E+01  2.5331E+01  2.5331E+01  2.5331E+01  2.5331E+01  2.5331E+01  2.5331E+01  2.5331E+01  2.5331E+01  2.5331E+01  2.5331E+01  2.5331E+01  2.5331E+01  2.5331E+01  2.5331E+01  2.5331E+01  2.5331E+01  2.5331E+01  2.5331E+01  2.5331E+01
  12621   3  1.8776E+04  1.8776E+04  1.8776E+04  1.8776E+04  1.8776E+04  1.8776E+04  1.8776E+04  1.8776E+04  1.8776E+04  1.8776E+04  1.8776E+04  1.8776E+04  1.8776E+04  1.8776E+04  1.8776E+04  1.8776E+04  1.8776E+04  1.8776E+04  1.8776E+04  1.8776E+04  1.8776E+04  1.8776E+04  1.8776E+04  1.8776E+04
  17530   3  9.0637E-02  9.0637E-02  9.0637E-02  9.0637E-02  9.0637E-02  9.0637E-02  9.0637E-02  9.0637E-02  9.0637E-02  9.0637E-02  9.0637E-02  9.0637E-02  9.0637E-02  9.0637E-02  9.0637E-02  9.0637E-02  9.0637E-02  9.0637E-02  9.0637E-02  9.0637E-02  9.0637E-02  9.0637E-02  9.0637E-02  9.0637E-02
  32694   3  1.1127E+02  1.1127E+02  1.1127E+02  1.1127E+02  1.1127E+02  1.1127E+02  1.1127E+02  1.1127E+02  1.1127E+02  1.1127E+02  1.1127E+02  1.1127E+02  1.1127E+02  1.1127E+02  1.1127E+02  1.1127E+02  1.1127E+02  1.1127E+02  1.1127E+02  1.1127E+02  1.1127E+02  1.1127E+02  1.1127E+02  1.1127E+02
  25290   2  5.4707E+03  5.3897E+03  5.0891E+03  4.5917E+03  4.0712E+03  3.4415E+03  3.1866E+03  3.0591E+03  3.0166E+03  3.1016E+03  3.3565E+03  3.7601E+03  4.2806E+03  4.5993E+03  4.8542E+03  5.0772E+03  5.1622E+03  5.2472E+03  5.2791E+03  5.3216E+03  5.3110E+03  5.2791E+03  5.1941E+03  5.0666E+03
  26704   2  1.4941E+05  1.4719E+05  1.3898E+05  1.2540E+05  1.1119E+05  9.3990E+04  8.7027E+04  8.3546E+04  8.2387E+04  8.4706E+04  9.1669E+04  1.0269E+05  1.1691E+05  1.2561E+05  1.3257E+05  1.3866E+05  1.4098E+05  1.4330E+05  1.4417E+05  1.4533E+05  1.4504E+05  1.4417E+05  1.4185E+05  1.3837E+05
  19305   4  8.1647E-03  8.1647E-03  8.1647E-03  8.1647E-03  8.1647E-03  8.1647E-03  8.1647E-03  8.1647E-03  8.1647E-03  8.1647E-03  8.1647E-03  8.1647E-03  8.1647E-03  8.1647E-03  8.1647E-03  8.1647E-03  8.1647E-03  8.1647E-03  8.1647E-03  8.1647E-03  8.1647E-03  8.1647E-03  8.1647E-03  8.1647E-03
  15423   3  2.8251E+03  2.8251E+03  2.8251E+03  2.8251E+03  2.8251E+03  2.8251E+03  2.8251E+03  2.8251E+03  2.8251E+03  2.8251E+03  2.8251E+03  2.8251E+03  2.8251E+03  2.8251E+03  2.8251E+03  2.8251E+03  2.8251E+03  2.8251E+03  2.8251E+03  2.8251E+03  2.8251E+03  2.8251E+03  2.8251E+03  2.8251E+03
  28558   3  4.4002E+03  4.3416E+03  4.1242E+03  3.7647E+03  3.3885E+03  2.9334E+03  2.7491E+03  2.6569E+03  2.6262E+03  2.6877E+03  2.8719E+03  3.1637E+03  3.5399E+03  3.7702E+03  3.9545E+03  4.1157E+03  4.1771E+03  4.2385E+03  4.2616E+03  4.2923E+03  4.2846E+03  4.2616E+03  4.2001E+03  4.1080E+03
  28911   3  2.5916E+01  2.5916E+01  2.5916E+01  2.5916E+01  2.5916E+01  2.5916E+01  2.5916E+01  2.5916E+01  2.5916E+01  2.5916E+01  2.5916E+01  2.5916E+01  2.5916E+01  2.5916E+01  2.5916E+01  2.5916E+01  2.5916E+01  2.5916E+01  2.5916E+01  2.5916E+01  2.5916E+01  2.5916E+01  2.5916E+01  2.5916E+01
  29621   6  4.3405E-01  4.3405E-01  4.3405E-01  4.3405E-01  4.3405E-01  4.3405E-01  4.3405E-01  4.3405E-01  4.3405E-01  4.3405E-01  4.3405E-01  4.3405E-01  4.3405E-01  4.3405E-01  4.3405E-01  4.3405E-01  4.3405E-01  4.3405E-01  4.3405E-01  4.3405E-01  4.3405E-01  4.3405E-01  4.3405E-01  4.3405E-01
  28221   3  1.1805E+04  1.1631E+04  1.0982E+04  9.9086E+03  8.7855E+03  7.4265E+03  6.8763E+03  6.6013E+03  6.5096E+03  6.6930E+03  7.2431E+03  8.1141E+03  9.2373E+03  9.9249E+03  1.0475E+04  1.0956E+04  1.1140E+04  1.1323E+04  1.1392E+04  1.1484E+04  1.1461E+04  1.1392E+04  1.1209E+04  1.0933E+04
  35117   3  2.6008E-01  2.6008E-01  2.6008E-01  2.6008E-01  2.6008E-01  2.6008E-01  2.6008E-01  2.6008E-01  2.6008E-01  2.6008E-01  2.6008E-01  2.6008E-01  2.6008E-01  2.6008E-01  2.6008E-01  2.6008E-01  2.6008E-01  2.6008E-01  2.6008E-01  2.6008E-01  2.6008E-01  2.6008E-01  2.6008E-01  2.6008E-01
