PNO3Emissions
         510 2005-03-16_00:00:00, SAT
  47145   3  6.2254E+00  6.2254E+00  6.2254E+00  6.2254E+00  6.2254E+00  6.0108E+00  6.0108E+00  6.0108E+00  6.0108E+00  6.0108E+00  6.0108E+00  6.0108E+00  6.2254E+00  5.4231E+02  5.4231E+02  5.4231E+02  5.4231E+02  5.4231E+02  5.4231E+02  5.4231E+02  5.4231E+02  6.2254E+00  6.2254E+00  6.2254E+00
  46441   2  8.0255E+01  8.0255E+01  8.0255E+01  8.0255E+01  8.0255E+01  8.0255E+01  8.0255E+01  8.0255E+01  8.0255E+01  8.0255E+01  8.0255E+01  8.0255E+01  8.0255E+01  8.0255E+01  8.0255E+01  8.0255E+01  8.0255E+01  8.0255E+01  8.0255E+01  8.0255E+01  8.0255E+01  8.0255E+01  8.0255E+01  8.0255E+01
  76270   3  3.0893E+01  3.0893E+01  3.0893E+01  3.0893E+01  3.0893E+01  3.0893E+01  3.0893E+01  3.0893E+01  3.0893E+01  3.0893E+01  3.0893E+01  3.0893E+01  3.0893E+01  3.0893E+01  3.0893E+01  3.0893E+01  3.0893E+01  3.0893E+01  3.0893E+01  3.0893E+01  3.0893E+01  3.0893E+01  3.0893E+01  3.0893E+01
  79107   2  4.8175E+00  4.8175E+00  4.8175E+00  4.8175E+00  4.8175E+00  4.8175E+00  4.8175E+00  4.8175E+00  4.8175E+00  4.8175E+00  4.8175E+00  4.8175E+00  4.8175E+00  4.8175E+00  4.8175E+00  1.8327E+01  1.8327E+01  1.8327E+01  1.8327E+01  1.8327E+01  1.8327E+01  1.8327E+01  1.8327E+01  4.8175E+00
  79106   3  1.1988E+01  1.1988E+01  1.1988E+01  1.1988E+01  1.1988E+01  1.1988E+01  1.1988E+01  1.1988E+01  1.1988E+01  1.1988E+01  1.1988E+01  1.1988E+01  1.1988E+01  1.1988E+01  1.1988E+01  1.1988E+01  1.1988E+01  1.1988E+01  1.1988E+01  1.1988E+01  1.1988E+01  1.1988E+01  1.1988E+01  1.1988E+01
  78754   3  2.6573E-02  2.6573E-02  2.6573E-02  2.6573E-02  2.6573E-02  2.6573E-02  2.6573E-02  2.6573E-02  2.6573E-02  2.6573E-02  2.6573E-02  2.6573E-02  2.6573E-02  2.6573E-02  2.6573E-02  2.6573E-02  2.6573E-02  2.6573E-02  2.6573E-02  2.6573E-02  2.6573E-02  2.6573E-02  2.6573E-02  2.6573E-02
  78755   3  1.1914E+02  1.1914E+02  1.1914E+02  1.1914E+02  1.1914E+02  1.1914E+02  1.1914E+02  1.1914E+02  1.1914E+02  1.1914E+02  1.1914E+02  1.1914E+02  1.1914E+02  1.1914E+02  1.1914E+02  1.1914E+02  1.1914E+02  1.1914E+02  1.1914E+02  1.1914E+02  1.1914E+02  1.1914E+02  1.1914E+02  1.1914E+02
  78738   2  6.5542E-03  6.5542E-03  6.5542E-03  6.5542E-03  6.5542E-03  6.5542E-03  6.5542E-03  6.5542E-03  6.5542E-03  6.5542E-03  6.5542E-03  6.5542E-03  6.5542E-03  6.5542E-03  6.5542E-03  6.5542E-03  6.5542E-03  6.5542E-03  6.5542E-03  6.5542E-03  6.5542E-03  6.5542E-03  6.5542E-03  6.5542E-03
  51367   4  3.4699E+00  3.4699E+00  3.4699E+00  3.4699E+00  3.4699E+00  3.4699E+00  3.4699E+00  3.4699E+00  3.4699E+00  3.4699E+00  3.4699E+00  3.4699E+00  3.4699E+00  3.4699E+00  3.4699E+00  3.4699E+00  3.4699E+00  3.4699E+00  3.4699E+00  3.4699E+00  3.4699E+00  3.4699E+00  3.4699E+00  3.4699E+00
  47111   4  3.2726E-01  3.2242E-01  3.0443E-01  2.7468E-01  2.4354E-01  2.0587E-01  1.9062E-01  1.8300E-01  1.8045E-01  1.8554E-01  2.0079E-01  2.2493E-01  2.5607E-01  2.7513E-01  2.9038E-01  3.0372E-01  3.0881E-01  3.1389E-01  3.1580E-01  3.1834E-01  3.1770E-01  3.1580E-01  3.1071E-01  3.0309E-01
  52073   7  5.1108E+02  5.1108E+02  5.1106E+02  5.1102E+02  5.1098E+02  5.1093E+02  5.1091E+02  5.1090E+02  5.1090E+02  5.1091E+02  5.1093E+02  5.1096E+02  5.1100E+02  5.1102E+02  5.1104E+02  5.1106E+02  5.1106E+02  5.1107E+02  5.1107E+02  5.1107E+02  5.1107E+02  5.1107E+02  5.1106E+02  5.1105E+02
  52405   3  6.9048E+00  6.9048E+00  6.9048E+00  6.9048E+00  6.9048E+00  6.9048E+00  6.9048E+00  6.9048E+00  6.9048E+00  6.9048E+00  6.9048E+00  6.9048E+00  6.9048E+00  6.9048E+00  6.9048E+00  6.9048E+00  6.9048E+00  6.9048E+00  6.9048E+00  6.9048E+00  6.9048E+00  6.9048E+00  6.9048E+00  6.9048E+00
  59849   4  3.4781E+00  3.4781E+00  3.4781E+00  3.4781E+00  3.4781E+00  3.4781E+00  3.4781E+00  3.4781E+00  3.4781E+00  3.4781E+00  3.4781E+00  3.4781E+00  3.4781E+00  3.4781E+00  3.4781E+00  3.4781E+00  3.4781E+00  3.4781E+00  3.4781E+00  3.4781E+00  3.4781E+00  3.4781E+00  3.4781E+00  3.4781E+00
  46431   4  1.2833E+01  1.2833E+01  1.2833E+01  1.2833E+01  1.2833E+01  1.2833E+01  1.2833E+01  1.2833E+01  1.2833E+01  1.2833E+01  1.2833E+01  1.2833E+01  1.2833E+01  1.2833E+01  1.2833E+01  1.2833E+01  1.2833E+01  1.2833E+01  1.2833E+01  1.2833E+01  1.2833E+01  1.2833E+01  1.2833E+01  1.2833E+01
  46078   4  4.4145E+01  4.4145E+01  4.4145E+01  4.4145E+01  4.4145E+01  4.4145E+01  4.4145E+01  4.4145E+01  4.4145E+01  4.4145E+01  4.4145E+01  4.4145E+01  4.4145E+01  4.4145E+01  4.4145E+01  4.4145E+01  4.4145E+01  4.4145E+01  4.4145E+01  4.4145E+01  4.4145E+01  4.4145E+01  4.4145E+01  4.4145E+01
  47835   4  1.9766E+01  1.9766E+01  1.9766E+01  1.9766E+01  1.3196E+01  1.3196E+01  1.3196E+01  1.3196E+01  1.3196E+01  1.3196E+01  1.3196E+01  1.3196E+01  1.3196E+01  1.9766E+01  1.9766E+01  1.9766E+01  1.9766E+01  1.9766E+01  1.9766E+01  1.9766E+01  1.9766E+01  1.9766E+01  1.9766E+01  1.9766E+01
  45724   4  1.2266E+03  1.2266E+03  1.2266E+03  1.2266E+03  1.2266E+03  1.2266E+03  1.2266E+03  1.2266E+03  1.2266E+03  1.2266E+03  1.2266E+03  1.2266E+03  1.2266E+03  1.2290E+03  1.2290E+03  1.2290E+03  1.2290E+03  1.2290E+03  1.2290E+03  1.2290E+03  1.2290E+03  1.2266E+03  1.2266E+03  1.2266E+03
  46050   3  4.5597E+01  4.5597E+01  4.5597E+01  4.5597E+01  3.7577E+01  3.7577E+01  3.7577E+01  3.7577E+01  3.7577E+01  3.7577E+01  3.7577E+01  3.7577E+01  3.7577E+01  4.6257E+01  4.6257E+01  4.6257E+01  4.6257E+01  4.6257E+01  4.6257E+01  4.6257E+01  4.6257E+01  4.5597E+01  4.5597E+01  4.5597E+01
  46051   4  6.3560E+00  6.3560E+00  6.3560E+00  6.3560E+00  6.3560E+00  6.3560E+00  6.3560E+00  6.3560E+00  6.3560E+00  6.3560E+00  6.3560E+00  6.3560E+00  6.3560E+00  6.3560E+00  6.3560E+00  6.3560E+00  6.3560E+00  6.3560E+00  6.3560E+00  6.3560E+00  6.3560E+00  6.3560E+00  6.3560E+00  6.3560E+00
  55562   3  3.7078E+02  3.7078E+02  3.7078E+02  3.7078E+02  3.7078E+02  3.7078E+02  3.7078E+02  3.7078E+02  3.7078E+02  3.7078E+02  3.7078E+02  3.7078E+02  3.7078E+02  3.7078E+02  3.7078E+02  3.7078E+02  3.7078E+02  3.7078E+02  3.7078E+02  3.7078E+02  3.7078E+02  3.7078E+02  3.7078E+02  3.7078E+02
  59075   3  8.2296E-01  8.2296E-01  8.2296E-01  8.2296E-01  8.2296E-01  8.2296E-01  8.2296E-01  8.2296E-01  8.2296E-01  8.2296E-01  8.2296E-01  8.2296E-01  8.2296E-01  8.2296E-01  8.2296E-01  8.2296E-01  8.2296E-01  8.2296E-01  8.2296E-01  8.2296E-01  8.2296E-01  8.2296E-01  8.2296E-01  8.2296E-01
  59789   4  3.5478E+01  3.5475E+01  3.5468E+01  3.5443E+01  3.5401E+01  1.8664E+01  1.8611E+01  1.8589E+01  1.8579E+01  1.8575E+01  1.8582E+01  1.8604E+01  1.8638E+01  1.8681E+01  3.7287E+01  3.7308E+01  3.7327E+01  3.7334E+01  3.7341E+01  3.7344E+01  3.7347E+01  3.7346E+01  3.5458E+01  3.5451E+01
  57677   4  1.5586E+00  1.5586E+00  1.5586E+00  1.5586E+00  1.5586E+00  1.5586E+00  1.5586E+00  1.5586E+00  1.5586E+00  1.5586E+00  1.5586E+00  1.5586E+00  1.5586E+00  1.5586E+00  1.9954E+00  1.9954E+00  1.9954E+00  1.9954E+00  1.9954E+00  1.9954E+00  1.9954E+00  1.9954E+00  1.5586E+00  1.5586E+00
  73199   4  5.8815E+01  5.8815E+01  5.8815E+01  5.8815E+01  5.8815E+01  5.8815E+01  5.8815E+01  5.8815E+01  5.8815E+01  5.8815E+01  5.8815E+01  5.8815E+01  5.8815E+01  5.8815E+01  5.9284E+01  5.9284E+01  5.9284E+01  5.9284E+01  5.9284E+01  5.9284E+01  5.9284E+01  5.9284E+01  5.8815E+01  5.8815E+01
  71434   7  5.7323E+02  5.6853E+02  5.6031E+02  5.2977E+02  4.7927E+02  4.2399E+02  3.6004E+02  3.3416E+02  3.2122E+02  3.1690E+02  3.2553E+02  3.5142E+02  3.9240E+02  4.4525E+02  4.8004E+02  5.0592E+02  5.2857E+02  5.3720E+02  5.4583E+02  5.4907E+02  5.5338E+02  5.5230E+02  5.4907E+02  5.4044E+02
  72847   4  1.9178E-02  1.9178E-02  1.9178E-02  1.9178E-02  1.9178E-02  1.9178E-02  1.9178E-02  1.9178E-02  1.9178E-02  1.9178E-02  1.9178E-02  1.9178E-02  1.9178E-02  1.9178E-02  1.9178E-02  1.9178E-02  1.9178E-02  1.9178E-02  1.9178E-02  1.9178E-02  1.9178E-02  1.9178E-02  1.9178E-02  1.9178E-02
  73200   3  3.7515E+01  3.7515E+01  3.7515E+01  3.7515E+01  3.7515E+01  3.7515E+01  3.7515E+01  3.7515E+01  3.7515E+01  3.7515E+01  3.7515E+01  3.7515E+01  3.7515E+01  3.7515E+01  3.7515E+01  3.7515E+01  3.7515E+01  3.7515E+01  3.7515E+01  3.7515E+01  3.7515E+01  3.7515E+01  3.7515E+01  3.7515E+01
  72845   3  5.3446E-02  5.3446E-02  5.3446E-02  5.3446E-02  5.3446E-02  5.3446E-02  5.3446E-02  5.3446E-02  5.3446E-02  5.3446E-02  5.3446E-02  5.3446E-02  5.3446E-02  5.3446E-02  5.3446E-02  5.3446E-02  5.3446E-02  5.3446E-02  5.3446E-02  5.3446E-02  5.3446E-02  5.3446E-02  5.3446E-02  5.3446E-02
  47851   2  6.8889E+00  6.8889E+00  6.8889E+00  6.8889E+00  6.8889E+00  6.8889E+00  6.8889E+00  6.8889E+00  6.8889E+00  6.8889E+00  6.8889E+00  6.8889E+00  6.8889E+00  6.8889E+00  6.8889E+00  6.8889E+00  6.8889E+00  6.8889E+00  6.8889E+00  6.8889E+00  6.8889E+00  6.8889E+00  6.8889E+00  6.8889E+00
  47493   2  4.5810E+01  4.5810E+01  4.5810E+01  4.5810E+01  4.5810E+01  4.5810E+01  4.5810E+01  4.5810E+01  4.5810E+01  4.5810E+01  4.5810E+01  4.5810E+01  4.5810E+01  4.5810E+01  4.5810E+01  4.5810E+01  4.5810E+01  4.5810E+01  4.5810E+01  4.5810E+01  4.5810E+01  4.5810E+01  4.5810E+01  4.5810E+01
  47141   2  4.0496E+00  4.0496E+00  4.0496E+00  4.0496E+00  4.0496E+00  4.0496E+00  4.0496E+00  4.0496E+00  4.0496E+00  4.0496E+00  4.0496E+00  4.0496E+00  4.0496E+00  4.0496E+00  4.0496E+00  4.0496E+00  4.0496E+00  4.0496E+00  4.0496E+00  4.0496E+00  4.0496E+00  4.0496E+00  4.0496E+00  4.0496E+00
  47142   6  2.4644E+00  2.4644E+00  2.4644E+00  2.4644E+00  2.4644E+00  2.4644E+00  2.4644E+00  2.4644E+00  2.4644E+00  2.4644E+00  2.4644E+00  2.4644E+00  2.4644E+00  2.4644E+00  2.4644E+00  2.4644E+00  2.4644E+00  2.4644E+00  2.4644E+00  2.4644E+00  2.4644E+00  2.4644E+00  2.4644E+00  2.4644E+00
  47494   6  8.2812E-01  8.2812E-01  8.2812E-01  8.2812E-01  8.2812E-01  8.2812E-01  8.2812E-01  8.2812E-01  8.2812E-01  8.2812E-01  8.2812E-01  8.2812E-01  8.2812E-01  8.2812E-01  8.2812E-01  8.2812E-01  8.2812E-01  8.2812E-01  8.2812E-01  8.2812E-01  8.2812E-01  8.2812E-01  8.2812E-01  8.2812E-01
  46790   5  1.5064E+00  1.5064E+00  1.5064E+00  1.5064E+00  1.5064E+00  1.5064E+00  1.5064E+00  1.5064E+00  1.5064E+00  1.5064E+00  1.5064E+00  1.5064E+00  1.5064E+00  1.5064E+00  1.5064E+00  1.5064E+00  1.5064E+00  1.5064E+00  1.5064E+00  1.5064E+00  1.5064E+00  1.5064E+00  1.5064E+00  1.5064E+00
  47143   3  3.8933E+00  3.8933E+00  3.8933E+00  3.8933E+00  3.8933E+00  3.8933E+00  3.8933E+00  3.8933E+00  3.8933E+00  3.8933E+00  3.8933E+00  3.8933E+00  3.8933E+00  5.5652E+00  5.5652E+00  5.5652E+00  5.5652E+00  5.5652E+00  5.5652E+00  5.5652E+00  5.5652E+00  3.8933E+00  3.8933E+00  3.8933E+00
  46792   3  3.0417E+01  3.0417E+01  3.0417E+01  3.0417E+01  3.0417E+01  3.0417E+01  3.0417E+01  3.0417E+01  3.0417E+01  3.0417E+01  3.0417E+01  3.0417E+01  3.0417E+01  3.0464E+01  3.0464E+01  3.0464E+01  3.0464E+01  3.0464E+01  3.0464E+01  3.0464E+01  3.0464E+01  3.0417E+01  3.0417E+01  3.0417E+01
  46791   4  1.4936E+02  1.4930E+02  1.4904E+02  1.4861E+02  1.4816E+02  1.4762E+02  1.4740E+02  1.4729E+02  1.4725E+02  1.4732E+02  1.4754E+02  1.4789E+02  1.4834E+02  1.5342E+02  1.5364E+02  1.5383E+02  1.5390E+02  1.5398E+02  1.5400E+02  1.5404E+02  1.5403E+02  1.4920E+02  1.4913E+02  1.4902E+02
  47147   3  9.7486E+00  9.7486E+00  9.7486E+00  9.7486E+00  9.7486E+00  9.7486E+00  9.7486E+00  9.7486E+00  9.7486E+00  9.7486E+00  9.7486E+00  9.7486E+00  9.7486E+00  9.7486E+00  9.7486E+00  9.7486E+00  9.7486E+00  9.7486E+00  9.7486E+00  9.7486E+00  9.7486E+00  9.7486E+00  9.7486E+00  9.7486E+00
  47848   4  2.1983E+01  2.1983E+01  2.1983E+01  2.1983E+01  2.1983E+01  2.1983E+01  2.1983E+01  2.1983E+01  2.1983E+01  2.1983E+01  2.1983E+01  2.1983E+01  2.1983E+01  2.1983E+01  2.1983E+01  2.1983E+01  2.1983E+01  2.1983E+01  2.1983E+01  2.1983E+01  2.1983E+01  2.1983E+01  2.1983E+01  2.1983E+01
  47144   1  5.8930E+01  5.8930E+01  5.8930E+01  5.8930E+01  5.8930E+01  5.8930E+01  5.8930E+01  5.8930E+01  5.8930E+01  5.8930E+01  5.8930E+01  5.8930E+01  5.8930E+01  5.9501E+01  5.9501E+01  5.9501E+01  5.9501E+01  5.9501E+01  5.9501E+01  5.9501E+01  5.9501E+01  5.8930E+01  5.8930E+01  5.8930E+01
  46789   2  8.2734E+00  8.2734E+00  8.2734E+00  8.2734E+00  8.2734E+00  8.2734E+00  8.2734E+00  8.2734E+00  8.2734E+00  8.2734E+00  8.2734E+00  8.2734E+00  8.2734E+00  8.2734E+00  8.2734E+00  8.2734E+00  8.2734E+00  8.2734E+00  8.2734E+00  8.2734E+00  8.2734E+00  8.2734E+00  8.2734E+00  8.2734E+00
  71755   1  9.8670E-02  9.8670E-02  9.8670E-02  9.8670E-02  9.8670E-02  9.8670E-02  9.8670E-02  9.8670E-02  9.8670E-02  9.8670E-02  9.8670E-02  9.8670E-02  9.8670E-02  9.8670E-02  9.8670E-02  9.8670E-02  9.8670E-02  9.8670E-02  9.8670E-02  9.8670E-02  9.8670E-02  9.8670E-02  9.8670E-02  9.8670E-02
  57265   2  3.2135E+01  3.1865E+01  3.1394E+01  2.9642E+01  2.6745E+01  2.3714E+01  2.0046E+01  1.8561E+01  1.7818E+01  1.7571E+01  1.8066E+01  1.9551E+01  2.1902E+01  2.4933E+01  3.0807E+01  3.2292E+01  3.3591E+01  3.4086E+01  3.4581E+01  3.4766E+01  3.5014E+01  3.4952E+01  3.0749E+01  3.0254E+01
  62209   2  7.0816E+01  7.0816E+01  7.0816E+01  7.0816E+01  7.0816E+01  7.0816E+01  7.0816E+01  7.0816E+01  7.0816E+01  7.0816E+01  7.0816E+01  7.0816E+01  7.0816E+01  7.0816E+01  7.0816E+01  7.0816E+01  7.0816E+01  7.0816E+01  7.0816E+01  7.0816E+01  7.0816E+01  7.0816E+01  7.0816E+01  7.0816E+01
  62560   2  1.8446E+02  1.8446E+02  1.8446E+02  1.8446E+02  1.8446E+02  1.0933E+02  1.0933E+02  1.0933E+02  1.0933E+02  1.0933E+02  1.0933E+02  1.0933E+02  1.0933E+02  1.0933E+02  1.8528E+02  1.8528E+02  1.8528E+02  1.8528E+02  1.8528E+02  1.8528E+02  1.8528E+02  1.8528E+02  1.8446E+02  1.8446E+02
  62906   2  2.6167E+00  2.5947E+00  2.5563E+00  2.4137E+00  2.1778E+00  1.9310E+00  1.6323E+00  1.5114E+00  1.4509E+00  1.4308E+00  1.4711E+00  1.5920E+00  1.7834E+00  2.0303E+00  2.1814E+00  2.3023E+00  2.4081E+00  2.4484E+00  2.4887E+00  2.5038E+00  2.5240E+00  2.5189E+00  2.5038E+00  2.4635E+00
  72093   2  2.0556E-02  2.0556E-02  2.0556E-02  2.0556E-02  2.0556E-02  2.0556E-02  2.0556E-02  2.0556E-02  2.0556E-02  2.0556E-02  2.0556E-02  2.0556E-02  2.0556E-02  2.0556E-02  2.0556E-02  2.0556E-02  2.0556E-02  2.0556E-02  2.0556E-02  2.0556E-02  2.0556E-02  2.0556E-02  2.0556E-02  2.0556E-02
  32698   7  2.3111E+01  2.3111E+01  2.3111E+01  2.3111E+01  2.3111E+01  2.3111E+01  2.3111E+01  2.3111E+01  2.3111E+01  2.3111E+01  2.3111E+01  2.3111E+01  2.3111E+01  2.3111E+01  2.3111E+01  2.3111E+01  2.3111E+01  2.3111E+01  2.3111E+01  2.3111E+01  2.3111E+01  2.3111E+01  2.3111E+01  2.3111E+01
  32699   3  1.3915E+01  1.3915E+01  1.3915E+01  1.3915E+01  1.3915E+01  1.3915E+01  1.3915E+01  1.3915E+01  1.3915E+01  1.3915E+01  1.3915E+01  1.3915E+01  1.3915E+01  1.3915E+01  1.3915E+01  1.3915E+01  1.3915E+01  1.3915E+01  1.3915E+01  1.3915E+01  1.3915E+01  1.3915E+01  1.3915E+01  1.3915E+01
  46097   3  2.0871E-01  2.0871E-01  2.0871E-01  2.0871E-01  2.0871E-01  2.0871E-01  2.0871E-01  2.0871E-01  2.0871E-01  2.0871E-01  2.0871E-01  2.0871E-01  2.0871E-01  2.0871E-01  2.0871E-01  2.0871E-01  2.0871E-01  2.0871E-01  2.0871E-01  2.0871E-01  2.0871E-01  2.0871E-01  2.0871E-01  2.0871E-01
  32346   3  1.3168E+02  1.3168E+02  1.3168E+02  1.3168E+02  1.3168E+02  1.3168E+02  1.3168E+02  1.3168E+02  1.3168E+02  1.3168E+02  1.3168E+02  1.3168E+02  1.3168E+02  1.3300E+02  1.3300E+02  1.3300E+02  1.3300E+02  1.3300E+02  1.3300E+02  1.3300E+02  1.3300E+02  1.3168E+02  1.3168E+02  1.3168E+02
  47881   2  1.2311E+02  1.2311E+02  1.2311E+02  1.2311E+02  1.2311E+02  1.2311E+02  1.2311E+02  1.2311E+02  1.2311E+02  1.2311E+02  1.2311E+02  1.2311E+02  1.2311E+02  1.2311E+02  1.2311E+02  1.2311E+02  1.2311E+02  1.2311E+02  1.2311E+02  1.2311E+02  1.2311E+02  1.2311E+02  1.2311E+02  1.2311E+02
  54565   2  4.2654E+01  4.2654E+01  4.2654E+01  4.2654E+01  4.2654E+01  4.2654E+01  4.2654E+01  4.2654E+01  4.2654E+01  4.2654E+01  4.2654E+01  4.2654E+01  4.2654E+01  4.2654E+01  4.2654E+01  4.2654E+01  4.2654E+01  4.2654E+01  4.2654E+01  4.2654E+01  4.2654E+01  4.2654E+01  4.2654E+01  4.2654E+01
  48578   2  1.0289E+02  1.0289E+02  1.0289E+02  1.0289E+02  1.0289E+02  1.0289E+02  1.0289E+02  1.0289E+02  1.0289E+02  1.0289E+02  1.0289E+02  1.0289E+02  1.0289E+02  1.0289E+02  1.0289E+02  1.0289E+02  1.0289E+02  1.0289E+02  1.0289E+02  1.0289E+02  1.0289E+02  1.0289E+02  1.0289E+02  1.0289E+02
  48226   2  8.0955E+00  8.0955E+00  8.0955E+00  8.0955E+00  8.0955E+00  8.0955E+00  8.0955E+00  8.0955E+00  8.0955E+00  8.0955E+00  8.0955E+00  8.0955E+00  8.0955E+00  8.0955E+00  8.0955E+00  8.0955E+00  8.0955E+00  8.0955E+00  8.0955E+00  8.0955E+00  8.0955E+00  8.0955E+00  8.0955E+00  8.0955E+00
  46818   2  7.9758E-01  7.9758E-01  7.9758E-01  7.9758E-01  7.9758E-01  7.9758E-01  7.9758E-01  7.9758E-01  7.9758E-01  7.9758E-01  7.9758E-01  7.9758E-01  7.9758E-01  7.9758E-01  7.9758E-01  7.9758E-01  7.9758E-01  7.9758E-01  7.9758E-01  7.9758E-01  7.9758E-01  7.9758E-01  7.9758E-01  7.9758E-01
  38332   2  4.1482E-02  4.1482E-02  4.1482E-02  4.1482E-02  4.1482E-02  4.1482E-02  4.1482E-02  4.1482E-02  4.1482E-02  4.1482E-02  4.1482E-02  4.1482E-02  4.1482E-02  4.1482E-02  4.1482E-02  4.1482E-02  4.1482E-02  4.1482E-02  4.1482E-02  4.1482E-02  4.1482E-02  4.1482E-02  4.1482E-02  4.1482E-02
  30178   3  1.4978E+01  1.4978E+01  1.4978E+01  1.4978E+01  1.4978E+01  1.0369E+01  1.0369E+01  1.0369E+01  1.0369E+01  1.0369E+01  1.0369E+01  1.0369E+01  1.0369E+01  1.4978E+01  1.4978E+01  1.4978E+01  1.4978E+01  1.4978E+01  1.4978E+01  1.4978E+01  1.4978E+01  1.4978E+01  1.4978E+01  1.4978E+01
  30529   4  6.2939E+00  6.2939E+00  6.2939E+00  6.2939E+00  6.2939E+00  6.2939E+00  6.2939E+00  6.2939E+00  6.2939E+00  6.2939E+00  6.2939E+00  6.2939E+00  6.2939E+00  6.2939E+00  6.2939E+00  6.2939E+00  6.2939E+00  6.2939E+00  6.2939E+00  6.2939E+00  6.2939E+00  6.2939E+00  6.2939E+00  6.2939E+00
  31942   4  2.7761E-03  2.7761E-03  2.7761E-03  2.7761E-03  2.7761E-03  2.7761E-03  2.7761E-03  2.7761E-03  2.7761E-03  2.7761E-03  2.7761E-03  2.7761E-03  2.7761E-03  2.7761E-03  2.7761E-03  2.7761E-03  2.7761E-03  2.7761E-03  2.7761E-03  2.7761E-03  2.7761E-03  2.7761E-03  2.7761E-03  2.7761E-03
  30884   4  2.8655E-01  2.8655E-01  2.8655E-01  2.8655E-01  2.8655E-01  2.8655E-01  2.8655E-01  2.8655E-01  2.8655E-01  2.8655E-01  2.8655E-01  2.8655E-01  2.8655E-01  2.8655E-01  2.8655E-01  2.8655E-01  2.8655E-01  2.8655E-01  2.8655E-01  2.8655E-01  2.8655E-01  2.8655E-01  2.8655E-01  2.8655E-01
  44899   7  4.2426E+01  4.1384E+01  4.1037E+01  4.0430E+01  3.8174E+01  3.4444E+01  3.0540E+01  2.5816E+01  2.3903E+01  2.2947E+01  2.2628E+01  2.3266E+01  2.5178E+01  2.8206E+01  3.2110E+01  3.4500E+01  3.6412E+01  3.8086E+01  3.8723E+01  3.9361E+01  3.9600E+01  3.9918E+01  3.9839E+01  3.9600E+01
  57936   3  8.2500E-02  8.2500E-02  8.2500E-02  8.2500E-02  8.2500E-02  8.2500E-02  8.2500E-02  8.2500E-02  8.2500E-02  8.2500E-02  8.2500E-02  8.2500E-02  8.2500E-02  8.2500E-02  8.2500E-02  8.2500E-02  8.2500E-02  8.2500E-02  8.2500E-02  8.2500E-02  8.2500E-02  8.2500E-02  8.2500E-02  8.2500E-02
  41032   7  5.2513E+01  5.1225E+01  5.0796E+01  5.0044E+01  4.7252E+01  4.2634E+01  3.7801E+01  3.1954E+01  2.9587E+01  2.8404E+01  2.8009E+01  2.8798E+01  3.1165E+01  3.4913E+01  3.9745E+01  4.2704E+01  4.5071E+01  4.7142E+01  4.7931E+01  4.8720E+01  4.9016E+01  4.9410E+01  4.9312E+01  4.9016E+01
  22551   3  1.6999E+02  1.6892E+02  1.6492E+02  1.5832E+02  1.5141E+02  1.4304E+02  1.3966E+02  1.3796E+02  1.3740E+02  1.3853E+02  1.4191E+02  1.4727E+02  1.5419E+02  1.5842E+02  1.6180E+02  1.6477E+02  1.6590E+02  1.6702E+02  1.6745E+02  1.6801E+02  1.6787E+02  1.6745E+02  1.6632E+02  1.6463E+02
  16894   7  4.8556E+02  4.8556E+02  4.8556E+02  4.8556E+02  4.8556E+02  4.8556E+02  4.8556E+02  4.8556E+02  4.8556E+02  4.8556E+02  4.8556E+02  4.8556E+02  4.8556E+02  4.8556E+02  4.8556E+02  4.8556E+02  4.8556E+02  4.8556E+02  4.8556E+02  4.8556E+02  4.8556E+02  4.8556E+02  4.8556E+02  4.8556E+02
  18505   3  6.4152E+02  6.3203E+02  5.9677E+02  5.3845E+02  4.7741E+02  4.0357E+02  3.7367E+02  3.5872E+02  3.5374E+02  3.6370E+02  3.9360E+02  4.4093E+02  5.0197E+02  5.3933E+02  5.6922E+02  5.9538E+02  6.0534E+02  6.1531E+02  6.1904E+02  6.2402E+02  6.2278E+02  6.1904E+02  6.0909E+02  5.9413E+02
   9108   3  5.5495E+00  5.5495E+00  5.5495E+00  5.5495E+00  5.5495E+00  5.5495E+00  5.5495E+00  5.5495E+00  5.5495E+00  5.5495E+00  5.5495E+00  5.5495E+00  5.5495E+00  5.5495E+00  5.5495E+00  5.5495E+00  5.5495E+00  5.5495E+00  5.5495E+00  5.5495E+00  5.5495E+00  5.5495E+00  5.5495E+00  5.5495E+00
  14047   3  3.0799E+01  3.0799E+01  3.0799E+01  3.0799E+01  3.0799E+01  3.0799E+01  3.0799E+01  3.0799E+01  3.0799E+01  3.0799E+01  3.0799E+01  3.0799E+01  3.0799E+01  3.0799E+01  3.0799E+01  3.0799E+01  3.0799E+01  3.0799E+01  3.0799E+01  3.0799E+01  3.0799E+01  3.0799E+01  3.0799E+01  3.0799E+01
   1352   4  6.4808E-01  6.4808E-01  6.4808E-01  6.4808E-01  6.4808E-01  6.4808E-01  6.4808E-01  6.4808E-01  6.4808E-01  6.4808E-01  6.4808E-01  6.4808E-01  6.4808E-01  6.4808E-01  6.4808E-01  6.4808E-01  6.4808E-01  6.4808E-01  6.4808E-01  6.4808E-01  6.4808E-01  6.4808E-01  6.4808E-01  6.4808E-01
   9106   4  2.7417E+00  2.7417E+00  2.7417E+00  2.7417E+00  2.7417E+00  2.7417E+00  2.7417E+00  2.7417E+00  2.7417E+00  2.7417E+00  2.7417E+00  2.7417E+00  2.7417E+00  2.7417E+00  2.7417E+00  2.7417E+00  2.7417E+00  2.7417E+00  2.7417E+00  2.7417E+00  2.7417E+00  2.7417E+00  2.7417E+00  2.7417E+00
  19977   3  1.6867E+01  1.6867E+01  1.6867E+01  1.6867E+01  1.6867E+01  1.3027E+01  1.3027E+01  1.3027E+01  1.3027E+01  1.3027E+01  1.3027E+01  1.3027E+01  1.3030E+01  6.4470E+01  6.4470E+01  6.4470E+01  6.4470E+01  6.4470E+01  6.4470E+01  6.4470E+01  6.4470E+01  1.6867E+01  1.6867E+01  1.6867E+01
  20329   3  1.1473E+02  1.1473E+02  1.1473E+02  1.1473E+02  1.1473E+02  4.7520E+01  4.7520E+01  4.7520E+01  4.7520E+01  4.7520E+01  4.7520E+01  4.7520E+01  4.7520E+01  1.2199E+02  1.2199E+02  1.2199E+02  1.2199E+02  1.2199E+02  1.2199E+02  1.2199E+02  1.2199E+02  1.1473E+02  1.1473E+02  1.1473E+02
  20330   3  3.1333E+01  3.1333E+01  3.1333E+01  3.1333E+01  3.1333E+01  2.8294E+01  2.8294E+01  2.8294E+01  2.8294E+01  2.8294E+01  2.8294E+01  2.8294E+01  2.8302E+01  4.8797E+01  4.8797E+01  4.8797E+01  4.8797E+01  4.8797E+01  4.8797E+01  4.8797E+01  4.8797E+01  3.1333E+01  3.1333E+01  3.1333E+01
  19976   3  1.4747E+01  1.4747E+01  1.4747E+01  1.4747E+01  1.4747E+01  1.4747E+01  1.4747E+01  1.4747E+01  1.4747E+01  1.4747E+01  1.4747E+01  1.4747E+01  1.4747E+01  2.2908E+01  2.2908E+01  2.2908E+01  2.2908E+01  2.2908E+01  2.2908E+01  2.2908E+01  2.2908E+01  1.4747E+01  1.4747E+01  1.4747E+01
  19624   4  1.3851E+00  1.3851E+00  1.3851E+00  1.3851E+00  1.3851E+00  1.3581E+00  1.3581E+00  1.3581E+00  1.3581E+00  1.3581E+00  1.3581E+00  1.3581E+00  1.3581E+00  1.7162E+01  1.7162E+01  1.7162E+01  1.7162E+01  1.7162E+01  1.7162E+01  1.7162E+01  1.7162E+01  1.3851E+00  1.3851E+00  1.3851E+00
  19271   4  5.2629E+00  5.2629E+00  5.2629E+00  5.2629E+00  5.2629E+00  5.2629E+00  5.2629E+00  5.2629E+00  5.2629E+00  5.2629E+00  5.2629E+00  5.2629E+00  5.2629E+00  5.2629E+00  5.2629E+00  5.2629E+00  5.2629E+00  5.2629E+00  5.2629E+00  5.2629E+00  5.2629E+00  5.2629E+00  5.2629E+00  5.2629E+00
  19272   3  8.6239E+00  8.6239E+00  8.6239E+00  8.6239E+00  8.6239E+00  8.6239E+00  8.6239E+00  8.6239E+00  8.6239E+00  8.6239E+00  8.6239E+00  8.6239E+00  8.6239E+00  1.5489E+01  1.5489E+01  1.5489E+01  1.5489E+01  1.5489E+01  1.5489E+01  1.5489E+01  1.5489E+01  8.6239E+00  8.6239E+00  8.6239E+00
  19978   4  7.1641E+00  7.1641E+00  7.1641E+00  7.1641E+00  7.1641E+00  7.1641E+00  7.1641E+00  7.1641E+00  7.1641E+00  7.1641E+00  7.1641E+00  7.1641E+00  7.1641E+00  9.0741E+00  9.0741E+00  9.0741E+00  9.0741E+00  9.0741E+00  9.0741E+00  9.0741E+00  9.0741E+00  7.1641E+00  7.1641E+00  7.1641E+00
  19625   5  2.8389E+01  2.8389E+01  2.8389E+01  2.8389E+01  2.8389E+01  7.9238E+00  7.9238E+00  7.9238E+00  7.9238E+00  7.9238E+00  7.9238E+00  7.9238E+00  2.7403E+01  4.1206E+01  4.1206E+01  4.1206E+01  4.1206E+01  4.1206E+01  4.1206E+01  4.1206E+01  4.1206E+01  2.8389E+01  2.8389E+01  2.8389E+01
  19626   3  9.2059E+00  9.2059E+00  9.2059E+00  9.2059E+00  9.2059E+00  9.2059E+00  9.2059E+00  9.2059E+00  9.2059E+00  9.2059E+00  9.2059E+00  9.2059E+00  9.2059E+00  1.0339E+01  1.0339E+01  1.0339E+01  1.0339E+01  1.0339E+01  1.0339E+01  1.0339E+01  1.0339E+01  9.2059E+00  9.2059E+00  9.2059E+00
  19270   3  1.8929E+00  1.8929E+00  1.8929E+00  1.8929E+00  1.8929E+00  1.8929E+00  1.8929E+00  1.8929E+00  1.8929E+00  1.8929E+00  1.8929E+00  1.8929E+00  1.8929E+00  4.1838E+01  4.1838E+01  4.1838E+01  4.1838E+01  4.1838E+01  4.1838E+01  4.1838E+01  4.1838E+01  1.8929E+00  1.8929E+00  1.8929E+00
  19623   4  3.1256E-01  3.1256E-01  3.1256E-01  3.1256E-01  3.1256E-01  3.1256E-01  3.1256E-01  3.1256E-01  3.1256E-01  3.1256E-01  3.1256E-01  3.1256E-01  3.1256E-01  1.4584E+01  1.4584E+01  1.4584E+01  1.4584E+01  1.4584E+01  1.4584E+01  1.4584E+01  1.4584E+01  3.1256E-01  3.1256E-01  3.1256E-01
  19273   3  8.3256E-03  8.3256E-03  8.3256E-03  8.3256E-03  8.3256E-03  8.3256E-03  8.3256E-03  8.3256E-03  8.3256E-03  8.3256E-03  8.3256E-03  8.3256E-03  8.3256E-03  2.2070E+00  2.2070E+00  2.2070E+00  2.2070E+00  2.2070E+00  2.2070E+00  2.2070E+00  2.2070E+00  8.3256E-03  8.3256E-03  8.3256E-03
  18919   3  8.9869E-01  8.9869E-01  8.9869E-01  8.9869E-01  8.9869E-01  8.9869E-01  8.9869E-01  8.9869E-01  8.9869E-01  8.9869E-01  8.9869E-01  8.9869E-01  8.9869E-01  7.8404E+00  7.8404E+00  7.8404E+00  7.8404E+00  7.8404E+00  7.8404E+00  7.8404E+00  7.8404E+00  8.9869E-01  8.9869E-01  8.9869E-01
  39327   3  4.5445E+01  4.5445E+01  4.5445E+01  4.5445E+01  4.5445E+01  4.5445E+01  4.5445E+01  4.5445E+01  4.5445E+01  4.5445E+01  4.5445E+01  4.5445E+01  4.5445E+01  4.5445E+01  4.5445E+01  4.5445E+01  4.5445E+01  4.5445E+01  4.5445E+01  4.5445E+01  4.5445E+01  4.5445E+01  4.5445E+01  4.5445E+01
  46755   3  6.7298E+01  6.6302E+01  6.2604E+01  5.6487E+01  5.0086E+01  4.2341E+01  3.9206E+01  3.7638E+01  3.7115E+01  3.8161E+01  4.1296E+01  4.6260E+01  5.2661E+01  5.6580E+01  5.9716E+01  6.2459E+01  6.3504E+01  6.4549E+01  6.4941E+01  6.5463E+01  6.5333E+01  6.4941E+01  6.3896E+01  6.2328E+01
  24547   2  6.0292E-01  6.0292E-01  6.0292E-01  6.0292E-01  6.0292E-01  6.0292E-01  6.0292E-01  6.0292E-01  6.0292E-01  6.0292E-01  6.0292E-01  6.0292E-01  6.0292E-01  6.0292E-01  6.0292E-01  6.0292E-01  6.0292E-01  6.0292E-01  6.0292E-01  6.0292E-01  6.0292E-01  6.0292E-01  6.0292E-01  6.0292E-01
  27008   4  1.1369E-01  1.1369E-01  1.1369E-01  1.1369E-01  1.1369E-01  1.1058E-01  1.1058E-01  1.1058E-01  1.1058E-01  1.1058E-01  1.1058E-01  1.1058E-01  1.1369E-01  1.1369E-01  1.1369E-01  1.1369E-01  1.1369E-01  1.1369E-01  1.1369E-01  1.1369E-01  1.1369E-01  1.1369E-01  1.1369E-01  1.1369E-01
  24896   3  5.6209E+02  5.5752E+02  5.4055E+02  5.1248E+02  4.8310E+02  3.6324E+02  3.4886E+02  3.4166E+02  3.3926E+02  3.4406E+02  3.5845E+02  3.8123E+02  4.9492E+02  5.1291E+02  5.2728E+02  5.3988E+02  5.4468E+02  5.4947E+02  5.5127E+02  5.5368E+02  5.5307E+02  5.5127E+02  5.4648E+02  5.3928E+02
  23133   3  1.9869E-03  1.9869E-03  1.9869E-03  1.9869E-03  1.9869E-03  1.9869E-03  1.9869E-03  1.9869E-03  1.9869E-03  1.9869E-03  1.9869E-03  1.9869E-03  1.9869E-03  1.9869E-03  1.9869E-03  1.9869E-03  1.9869E-03  1.9869E-03  1.9869E-03  1.9869E-03  1.9869E-03  1.9869E-03  1.9869E-03  1.9869E-03
  26300   3  4.4791E-01  4.4791E-01  4.4791E-01  4.4791E-01  4.4791E-01  4.4791E-01  4.4791E-01  4.4791E-01  4.4791E-01  4.4791E-01  4.4791E-01  4.4791E-01  4.4791E-01  4.4791E-01  4.4791E-01  4.4791E-01  4.4791E-01  4.4791E-01  4.4791E-01  4.4791E-01  4.4791E-01  4.4791E-01  4.4791E-01  4.4791E-01
  24545   3  1.3125E+00  1.3125E+00  1.3125E+00  1.3125E+00  1.3125E+00  1.3125E+00  1.3125E+00  1.3125E+00  1.3125E+00  1.3125E+00  1.3125E+00  1.3125E+00  1.3125E+00  1.3125E+00  1.3125E+00  1.3125E+00  1.3125E+00  1.3125E+00  1.3125E+00  1.3125E+00  1.3125E+00  1.3125E+00  1.3125E+00  1.3125E+00
  13592   3  6.4003E+02  6.3056E+02  5.9537E+02  5.3719E+02  4.7630E+02  4.0263E+02  3.7280E+02  3.5789E+02  3.5292E+02  3.6286E+02  3.9268E+02  4.3990E+02  5.0080E+02  5.3808E+02  5.6790E+02  5.9399E+02  6.0394E+02  6.1388E+02  6.1761E+02  6.2257E+02  6.2133E+02  6.1761E+02  6.0766E+02  5.9275E+02
  23165   3  4.4700E-01  4.4700E-01  4.4700E-01  4.4700E-01  4.4700E-01  4.4700E-01  4.4700E-01  4.4700E-01  4.4700E-01  4.4700E-01  4.4700E-01  4.4700E-01  4.4700E-01  4.4700E-01  4.4700E-01  4.4700E-01  4.4700E-01  4.4700E-01  4.4700E-01  4.4700E-01  4.4700E-01  4.4700E-01  4.4700E-01  4.4700E-01
  22447   3  4.7789E+00  4.7789E+00  4.7789E+00  4.7789E+00  4.7789E+00  4.7789E+00  4.7789E+00  4.7789E+00  4.7789E+00  4.7789E+00  4.7789E+00  4.7789E+00  4.7789E+00  8.0626E+00  8.0626E+00  8.0626E+00  8.0626E+00  8.0626E+00  8.0626E+00  8.0626E+00  8.0626E+00  4.7789E+00  4.7789E+00  4.7789E+00
  22094   3  2.3462E+02  2.3462E+02  2.3462E+02  2.3462E+02  2.3462E+02  2.3345E+02  2.3345E+02  2.3345E+02  2.3345E+02  2.3345E+02  2.3345E+02  2.3345E+02  2.3345E+02  2.3462E+02  2.3462E+02  2.3462E+02  2.3462E+02  2.3462E+02  2.3462E+02  2.3462E+02  2.3462E+02  2.3462E+02  2.3462E+02  2.3462E+02
  22458   3  2.0608E-01  2.0608E-01  2.0608E-01  2.0608E-01  2.0608E-01  2.0608E-01  2.0608E-01  2.0608E-01  2.0608E-01  2.0608E-01  2.0608E-01  2.0608E-01  2.0608E-01  2.0608E-01  2.0608E-01  2.0608E-01  2.0608E-01  2.0608E-01  2.0608E-01  2.0608E-01  2.0608E-01  2.0608E-01  2.0608E-01  2.0608E-01
  23854   2  4.1837E+01  4.1837E+01  4.1837E+01  4.1837E+01  4.1837E+01  4.1837E+01  4.1837E+01  4.1837E+01  4.1837E+01  4.1837E+01  4.1837E+01  4.1837E+01  4.1837E+01  4.1837E+01  4.1837E+01  4.1837E+01  4.1837E+01  4.1837E+01  4.1837E+01  4.1837E+01  4.1837E+01  4.1837E+01  4.1837E+01  4.1837E+01
  22806   2  1.3189E-01  1.3189E-01  1.3189E-01  1.3189E-01  1.3189E-01  1.3189E-01  1.3189E-01  1.3189E-01  1.3189E-01  1.3189E-01  1.3189E-01  1.3189E-01  1.3189E-01  1.3189E-01  1.3189E-01  1.3189E-01  1.3189E-01  1.3189E-01  1.3189E-01  1.3189E-01  1.3189E-01  1.3189E-01  1.3189E-01  1.3189E-01
  22805   3  3.1349E-01  3.1349E-01  3.1349E-01  3.1349E-01  3.1349E-01  3.1349E-01  3.1349E-01  3.1349E-01  3.1349E-01  3.1349E-01  3.1349E-01  3.1349E-01  3.1349E-01  3.1349E-01  3.1349E-01  3.1349E-01  3.1349E-01  3.1349E-01  3.1349E-01  3.1349E-01  3.1349E-01  3.1349E-01  3.1349E-01  3.1349E-01
  23506   4  1.7105E+01  1.7105E+01  1.7105E+01  1.7105E+01  1.7105E+01  1.7105E+01  1.7105E+01  1.7105E+01  1.7105E+01  1.7105E+01  1.7105E+01  1.7105E+01  1.7105E+01  1.7105E+01  1.7105E+01  1.7105E+01  1.7105E+01  1.7105E+01  1.7105E+01  1.7105E+01  1.7105E+01  1.7105E+01  1.7105E+01  1.7105E+01
  21740   3  1.1684E-01  1.1684E-01  1.1684E-01  1.1684E-01  1.1684E-01  1.1684E-01  1.1684E-01  1.1684E-01  1.1684E-01  1.1684E-01  1.1684E-01  1.1684E-01  1.1684E-01  1.1684E-01  1.1684E-01  1.1684E-01  1.1684E-01  1.1684E-01  1.1684E-01  1.1684E-01  1.1684E-01  1.1684E-01  1.1684E-01  1.1684E-01
  21739   3  4.0342E-01  4.0342E-01  4.0342E-01  4.0342E-01  4.0342E-01  4.0342E-01  4.0342E-01  4.0342E-01  4.0342E-01  4.0342E-01  4.0342E-01  4.0342E-01  4.0342E-01  4.0342E-01  4.0342E-01  4.0342E-01  4.0342E-01  4.0342E-01  4.0342E-01  4.0342E-01  4.0342E-01  4.0342E-01  4.0342E-01  4.0342E-01
  22093   2  3.2442E+02  3.2442E+02  3.2442E+02  3.2442E+02  3.2442E+02  3.2442E+02  3.2442E+02  3.2442E+02  3.2442E+02  3.2442E+02  3.2442E+02  3.2442E+02  3.2442E+02  3.2442E+02  3.2442E+02  3.2442E+02  3.2442E+02  3.2442E+02  3.2442E+02  3.2442E+02  3.2442E+02  3.2442E+02  3.2442E+02  3.2442E+02
  21744   2  1.2403E+01  1.2403E+01  1.2403E+01  1.2403E+01  1.2403E+01  1.2403E+01  1.2403E+01  1.2403E+01  1.2403E+01  1.2403E+01  1.2403E+01  1.2403E+01  1.2403E+01  1.2403E+01  1.2403E+01  1.2403E+01  1.2403E+01  1.2403E+01  1.2403E+01  1.2403E+01  1.2403E+01  1.2403E+01  1.2403E+01  1.2403E+01
  21391   3  2.8062E+00  2.8062E+00  2.8062E+00  2.8062E+00  2.8062E+00  2.8062E+00  2.8062E+00  2.8062E+00  2.8062E+00  2.8062E+00  2.8062E+00  2.8062E+00  2.8062E+00  2.8062E+00  2.8062E+00  2.8062E+00  2.8062E+00  2.8062E+00  2.8062E+00  2.8062E+00  2.8062E+00  2.8062E+00  2.8062E+00  2.8062E+00
  22445   3  1.7107E+03  1.7107E+03  1.7107E+03  1.7107E+03  1.7107E+03  1.7107E+03  1.7107E+03  1.7107E+03  1.7107E+03  1.7107E+03  1.7107E+03  1.7107E+03  1.7107E+03  1.7107E+03  1.7107E+03  1.7107E+03  1.7107E+03  1.7107E+03  1.7107E+03  1.7107E+03  1.7107E+03  1.7107E+03  1.7107E+03  1.7107E+03
  22446   4  5.5930E+02  5.5102E+02  5.2027E+02  4.6943E+02  4.1622E+02  3.5184E+02  3.2577E+02  3.1274E+02  3.0840E+02  3.1708E+02  3.4315E+02  3.8441E+02  4.3762E+02  4.7020E+02  4.9626E+02  5.1907E+02  5.2775E+02  5.3644E+02  5.3970E+02  5.4404E+02  5.4296E+02  5.3970E+02  5.3101E+02  5.1798E+02
  22810   4  8.1372E+00  8.1372E+00  8.1372E+00  8.1372E+00  8.1372E+00  8.1372E+00  8.1372E+00  8.1372E+00  8.1372E+00  8.1372E+00  8.1372E+00  8.1372E+00  8.1372E+00  8.1372E+00  8.1372E+00  8.1372E+00  8.1372E+00  8.1372E+00  8.1372E+00  8.1372E+00  8.1372E+00  8.1372E+00  8.1372E+00  8.1372E+00
  23460   4  1.5852E+00  1.5852E+00  1.5852E+00  1.5852E+00  1.5852E+00  1.5852E+00  1.5852E+00  1.5852E+00  1.5852E+00  1.5852E+00  1.5852E+00  1.5852E+00  1.5852E+00  1.5852E+00  1.5852E+00  1.5852E+00  1.5852E+00  1.5852E+00  1.5852E+00  1.5852E+00  1.5852E+00  1.5852E+00  1.5852E+00  1.5852E+00
  25224   4  6.6826E+00  6.6826E+00  6.6826E+00  6.6826E+00  6.6826E+00  6.6826E+00  6.6826E+00  6.6826E+00  6.6826E+00  6.6826E+00  6.6826E+00  6.6826E+00  6.6826E+00  1.0168E+01  1.0168E+01  1.0168E+01  1.0168E+01  1.0168E+01  1.0168E+01  1.0168E+01  1.0168E+01  6.6826E+00  6.6826E+00  6.6826E+00
  25223   4  2.8050E+00  2.8050E+00  2.8050E+00  2.8050E+00  2.8050E+00  2.8046E+00  2.8046E+00  2.8046E+00  2.8046E+00  2.8046E+00  2.8046E+00  2.8046E+00  2.8046E+00  2.8050E+00  2.8050E+00  2.8050E+00  2.8050E+00  2.8050E+00  2.8050E+00  2.8050E+00  2.8050E+00  2.8050E+00  2.8050E+00  2.8050E+00
  24870   4  4.1100E+01  4.1100E+01  4.1100E+01  4.1100E+01  4.1100E+01  4.1100E+01  4.1100E+01  4.1100E+01  4.1100E+01  4.1100E+01  4.1100E+01  4.1100E+01  4.1100E+01  4.1100E+01  4.1100E+01  4.1100E+01  4.1100E+01  4.1100E+01  4.1100E+01  4.1100E+01  4.1100E+01  4.1100E+01  4.1100E+01  4.1100E+01
  24871   4  4.7852E-01  4.7852E-01  4.7852E-01  4.7852E-01  4.7852E-01  4.7852E-01  4.7852E-01  4.7852E-01  4.7852E-01  4.7852E-01  4.7852E-01  4.7852E-01  4.7852E-01  4.7852E-01  4.7852E-01  4.7852E-01  4.7852E-01  4.7852E-01  4.7852E-01  4.7852E-01  4.7852E-01  4.7852E-01  4.7852E-01  4.7852E-01
  23814   4  2.9844E-01  2.9844E-01  2.9844E-01  2.9844E-01  2.9844E-01  2.9844E-01  2.9844E-01  2.9844E-01  2.9844E-01  2.9844E-01  2.9844E-01  2.9844E-01  2.9844E-01  2.9844E-01  2.9844E-01  2.9844E-01  2.9844E-01  2.9844E-01  2.9844E-01  2.9844E-01  2.9844E-01  2.9844E-01  2.9844E-01  2.9844E-01
  23458   4  7.9181E-05  7.9181E-05  7.9181E-05  7.9181E-05  7.9181E-05  7.9181E-05  7.9181E-05  7.9181E-05  7.9181E-05  7.9181E-05  7.9181E-05  7.9181E-05  7.9181E-05  7.9181E-05  7.9181E-05  7.9181E-05  7.9181E-05  7.9181E-05  7.9181E-05  7.9181E-05  7.9181E-05  7.9181E-05  7.9181E-05  7.9181E-05
  28064   4  4.1464E-04  4.1464E-04  4.1464E-04  4.1464E-04  4.1464E-04  4.1464E-04  4.1464E-04  4.1464E-04  4.1464E-04  4.1464E-04  4.1464E-04  4.1464E-04  4.1464E-04  4.1464E-04  4.1464E-04  4.1464E-04  4.1464E-04  4.1464E-04  4.1464E-04  4.1464E-04  4.1464E-04  4.1464E-04  4.1464E-04  4.1464E-04
  23464   4  4.3206E+01  4.3206E+01  4.3206E+01  4.3206E+01  4.3206E+01  4.3206E+01  4.3206E+01  4.3206E+01  4.3206E+01  4.3206E+01  4.3206E+01  4.3206E+01  4.3206E+01  4.3206E+01  4.3206E+01  4.3206E+01  4.3206E+01  4.3206E+01  4.3206E+01  4.3206E+01  4.3206E+01  4.3206E+01  4.3206E+01  4.3206E+01
  24519   4  2.5418E-01  2.5418E-01  2.5418E-01  2.5418E-01  2.5418E-01  2.5418E-01  2.5418E-01  2.5418E-01  2.5418E-01  2.5418E-01  2.5418E-01  2.5418E-01  2.5418E-01  2.5418E-01  2.5418E-01  2.5418E-01  2.5418E-01  2.5418E-01  2.5418E-01  2.5418E-01  2.5418E-01  2.5418E-01  2.5418E-01  2.5418E-01
  24518   4  9.1748E-03  9.1748E-03  9.1748E-03  9.1748E-03  9.1748E-03  9.1748E-03  9.1748E-03  9.1748E-03  9.1748E-03  9.1748E-03  9.1748E-03  9.1748E-03  9.1748E-03  9.1748E-03  9.1748E-03  9.1748E-03  9.1748E-03  9.1748E-03  9.1748E-03  9.1748E-03  9.1748E-03  9.1748E-03  9.1748E-03  9.1748E-03
  22745   4  1.1870E+01  1.1870E+01  1.1870E+01  1.1870E+01  1.1870E+01  1.1870E+01  1.1870E+01  1.1870E+01  1.1870E+01  1.1870E+01  1.1870E+01  1.1870E+01  1.1870E+01  1.1870E+01  1.1870E+01  1.1870E+01  1.1870E+01  1.1870E+01  1.1870E+01  1.1870E+01  1.1870E+01  1.1870E+01  1.1870E+01  1.1870E+01
  24163   4  3.9978E+00  3.9978E+00  3.9978E+00  3.9978E+00  3.9978E+00  3.9978E+00  3.9978E+00  3.9978E+00  3.9978E+00  3.9978E+00  3.9978E+00  3.9978E+00  3.9978E+00  3.9978E+00  3.9978E+00  3.9978E+00  3.9978E+00  3.9978E+00  3.9978E+00  3.9978E+00  3.9978E+00  3.9978E+00  3.9978E+00  3.9978E+00
  24517   4  3.3144E-01  3.3144E-01  3.3144E-01  3.3144E-01  3.3144E-01  3.3144E-01  3.3144E-01  3.3144E-01  3.3144E-01  3.3144E-01  3.3144E-01  3.3144E-01  3.3144E-01  3.3144E-01  3.3144E-01  3.3144E-01  3.3144E-01  3.3144E-01  3.3144E-01  3.3144E-01  3.3144E-01  3.3144E-01  3.3144E-01  3.3144E-01
  20280   4  4.8474E+01  4.8474E+01  4.8474E+01  4.8474E+01  4.8474E+01  4.8474E+01  4.8474E+01  4.8474E+01  4.8474E+01  4.8474E+01  4.8474E+01  4.8474E+01  4.8474E+01  4.8474E+01  4.8474E+01  4.8474E+01  4.8474E+01  4.8474E+01  4.8474E+01  4.8474E+01  4.8474E+01  4.8474E+01  4.8474E+01  4.8474E+01
  25575   4  7.1612E+00  7.1612E+00  7.1612E+00  7.1612E+00  7.1612E+00  7.1612E+00  7.1612E+00  7.1612E+00  7.1612E+00  7.1612E+00  7.1612E+00  7.1612E+00  7.1612E+00  7.1612E+00  7.1612E+00  7.1612E+00  7.1612E+00  7.1612E+00  7.1612E+00  7.1612E+00  7.1612E+00  7.1612E+00  7.1612E+00  7.1612E+00
  24868   4  2.0981E+00  2.0981E+00  2.0981E+00  2.0981E+00  2.0981E+00  2.0981E+00  2.0981E+00  2.0981E+00  2.0981E+00  2.0981E+00  2.0981E+00  2.0981E+00  2.0981E+00  2.0981E+00  2.0981E+00  2.0981E+00  2.0981E+00  2.0981E+00  2.0981E+00  2.0981E+00  2.0981E+00  2.0981E+00  2.0981E+00  2.0981E+00
  24869   4  4.3119E-01  4.3119E-01  4.3119E-01  4.3119E-01  4.3119E-01  4.3119E-01  4.3119E-01  4.3119E-01  4.3119E-01  4.3119E-01  4.3119E-01  4.3119E-01  4.3119E-01  4.3119E-01  4.3119E-01  4.3119E-01  4.3119E-01  4.3119E-01  4.3119E-01  4.3119E-01  4.3119E-01  4.3119E-01  4.3119E-01  4.3119E-01
  20686   3  5.8989E+01  5.8116E+01  5.4874E+01  4.9512E+01  4.3900E+01  3.7109E+01  3.4360E+01  3.2986E+01  3.2528E+01  3.3444E+01  3.6193E+01  4.0545E+01  4.6157E+01  4.9593E+01  5.2342E+01  5.4747E+01  5.5663E+01  5.6580E+01  5.6922E+01  5.7381E+01  5.7266E+01  5.6922E+01  5.6007E+01  5.4632E+01
  22095   3  9.2352E+01  9.2352E+01  9.2352E+01  9.2352E+01  9.2352E+01  9.2352E+01  9.2352E+01  9.2352E+01  9.2352E+01  9.2352E+01  9.2352E+01  9.2352E+01  9.2352E+01  9.2352E+01  9.2352E+01  9.2352E+01  9.2352E+01  9.2352E+01  9.2352E+01  9.2352E+01  9.2352E+01  9.2352E+01  9.2352E+01  9.2352E+01
  20684   3  2.1616E-01  2.1616E-01  2.1616E-01  2.1616E-01  2.1616E-01  2.1616E-01  2.1616E-01  2.1616E-01  2.1616E-01  2.1616E-01  2.1616E-01  2.1616E-01  2.1616E-01  3.4809E+00  3.4809E+00  3.4809E+00  3.4809E+00  3.4809E+00  3.4809E+00  3.4809E+00  3.4809E+00  2.1616E-01  2.1616E-01  2.1616E-01
  20683   7  2.0801E+01  2.0536E+01  1.9553E+01  1.7928E+01  1.6227E+01  1.4168E+01  1.3335E+01  1.2918E+01  1.2779E+01  1.3057E+01  1.3890E+01  1.5210E+01  1.6911E+01  2.8459E+01  2.9292E+01  3.0021E+01  3.0299E+01  3.0577E+01  3.0681E+01  3.0820E+01  3.0785E+01  2.0175E+01  1.9897E+01  1.9480E+01
  21036   3  1.8196E+00  1.8196E+00  1.8196E+00  1.8196E+00  1.8196E+00  1.6881E+00  1.6881E+00  1.6881E+00  1.6881E+00  1.6881E+00  1.6881E+00  1.6881E+00  1.6881E+00  1.8251E+00  1.8251E+00  1.8251E+00  1.8251E+00  1.8251E+00  1.8251E+00  1.8251E+00  1.8251E+00  1.8196E+00  1.8196E+00  1.8196E+00
  19275   3  4.2186E+00  4.2186E+00  4.2186E+00  4.2186E+00  4.2186E+00  4.2186E+00  4.2186E+00  4.2186E+00  4.2186E+00  4.2186E+00  4.2186E+00  4.2186E+00  4.2186E+00  4.2186E+00  4.2186E+00  4.2186E+00  4.2186E+00  4.2186E+00  4.2186E+00  4.2186E+00  4.2186E+00  4.2186E+00  4.2186E+00  4.2186E+00
  19274   3  7.1317E-01  7.1317E-01  7.1317E-01  7.1317E-01  7.1317E-01  7.1317E-01  7.1317E-01  7.1317E-01  7.1317E-01  7.1317E-01  7.1317E-01  7.1317E-01  7.1317E-01  7.1317E-01  7.1317E-01  7.1317E-01  7.1317E-01  7.1317E-01  7.1317E-01  7.1317E-01  7.1317E-01  7.1317E-01  7.1317E-01  7.1317E-01
  20331   2  5.5310E+01  5.5310E+01  5.5310E+01  5.5310E+01  5.5310E+01  3.0798E+01  3.0798E+01  3.0798E+01  3.0798E+01  3.0798E+01  3.0798E+01  3.0798E+01  3.1168E+01  6.0155E+01  6.0155E+01  6.0155E+01  6.0155E+01  6.0155E+01  6.0155E+01  6.0155E+01  6.0155E+01  5.5310E+01  5.5310E+01  5.5310E+01
  19971   2  4.3048E-01  4.3048E-01  4.3048E-01  4.3048E-01  4.3048E-01  4.3048E-01  4.3048E-01  4.3048E-01  4.3048E-01  4.3048E-01  4.3048E-01  4.3048E-01  4.3048E-01  4.3048E-01  4.3048E-01  4.3048E-01  4.3048E-01  4.3048E-01  4.3048E-01  4.3048E-01  4.3048E-01  4.3048E-01  4.3048E-01  4.3048E-01
  19628   2  1.0335E+01  1.0335E+01  1.0335E+01  1.0335E+01  1.0335E+01  2.4932E+00  2.4932E+00  2.4932E+00  2.4932E+00  2.4932E+00  2.4932E+00  2.4932E+00  2.4945E+00  1.0335E+01  1.0335E+01  1.0335E+01  1.0335E+01  1.0335E+01  1.0335E+01  1.0335E+01  1.0335E+01  1.0335E+01  1.0335E+01  1.0335E+01
  19267   2  1.4478E+01  1.4478E+01  1.4478E+01  1.4478E+01  1.4478E+01  1.4478E+01  1.4478E+01  1.4478E+01  1.4478E+01  1.4478E+01  1.4478E+01  1.4478E+01  1.4478E+01  5.6685E+01  5.6685E+01  5.6685E+01  5.6685E+01  5.6685E+01  5.6685E+01  5.6685E+01  5.6685E+01  1.4478E+01  1.4478E+01  1.4478E+01
  19620   3  2.9828E+00  2.9828E+00  2.9828E+00  2.9828E+00  2.9828E+00  4.4186E-03  4.4186E-03  4.4186E-03  4.4186E-03  4.4186E-03  4.4186E-03  4.4186E-03  4.4186E-03  2.9828E+00  2.9828E+00  2.9828E+00  2.9828E+00  2.9828E+00  2.9828E+00  2.9828E+00  2.9828E+00  2.9828E+00  2.9828E+00  2.9828E+00
  18913   3  1.7809E-01  1.7809E-01  1.7809E-01  1.7809E-01  1.7809E-01  1.7809E-01  1.7809E-01  1.7809E-01  1.7809E-01  1.7809E-01  1.7809E-01  1.7809E-01  1.7809E-01  1.7809E-01  1.7809E-01  1.7809E-01  1.7809E-01  1.7809E-01  1.7809E-01  1.7809E-01  1.7809E-01  1.7809E-01  1.7809E-01  1.7809E-01
  19975   7  1.1383E+02  1.1383E+02  1.1383E+02  1.1383E+02  1.1383E+02  7.3244E+00  7.3244E+00  7.3244E+00  7.3244E+00  7.3244E+00  7.3244E+00  7.3244E+00  7.3244E+00  1.1816E+02  1.1816E+02  1.1816E+02  1.1816E+02  1.1816E+02  1.1816E+02  1.1816E+02  1.1816E+02  1.1383E+02  1.1383E+02  1.1383E+02
  19979   4  8.5666E-01  8.5666E-01  8.5666E-01  8.5666E-01  8.5666E-01  8.5666E-01  8.5666E-01  8.5666E-01  8.5666E-01  8.5666E-01  8.5666E-01  8.5666E-01  8.5666E-01  3.4684E+00  3.4684E+00  3.4684E+00  3.4684E+00  3.4684E+00  3.4684E+00  3.4684E+00  3.4684E+00  8.5666E-01  8.5666E-01  8.5666E-01
  20681   4  4.0062E+00  4.0062E+00  4.0062E+00  4.0062E+00  4.0062E+00  4.0062E+00  4.0062E+00  4.0062E+00  4.0062E+00  4.0062E+00  4.0062E+00  4.0062E+00  4.0062E+00  4.0062E+00  4.0062E+00  4.0062E+00  4.0062E+00  4.0062E+00  4.0062E+00  4.0062E+00  4.0062E+00  4.0062E+00  4.0062E+00  4.0062E+00
  18915   2  9.1509E-02  9.1509E-02  9.1509E-02  9.1509E-02  9.1509E-02  9.1509E-02  9.1509E-02  9.1509E-02  9.1509E-02  9.1509E-02  9.1509E-02  9.1509E-02  9.1509E-02  9.1509E-02  9.1509E-02  9.1509E-02  9.1509E-02  9.1509E-02  9.1509E-02  9.1509E-02  9.1509E-02  9.1509E-02  9.1509E-02  9.1509E-02
  21038   2  1.3133E+00  1.3133E+00  1.3133E+00  1.3133E+00  1.3133E+00  1.3133E+00  1.3133E+00  1.3133E+00  1.3133E+00  1.3133E+00  1.3133E+00  1.3133E+00  1.3133E+00  1.3133E+00  1.3133E+00  1.3133E+00  1.3133E+00  1.3133E+00  1.3133E+00  1.3133E+00  1.3133E+00  1.3133E+00  1.3133E+00  1.3133E+00
  18562   3  5.3498E-01  5.3498E-01  5.3498E-01  5.3498E-01  5.3498E-01  5.3498E-01  5.3498E-01  5.3498E-01  5.3498E-01  5.3498E-01  5.3498E-01  5.3498E-01  5.3498E-01  5.3498E-01  5.3498E-01  5.3498E-01  5.3498E-01  5.3498E-01  5.3498E-01  5.3498E-01  5.3498E-01  5.3498E-01  5.3498E-01  5.3498E-01
  19266   2  1.4448E-01  1.4448E-01  1.4448E-01  1.4448E-01  1.4448E-01  1.4448E-01  1.4448E-01  1.4448E-01  1.4448E-01  1.4448E-01  1.4448E-01  1.4448E-01  1.4448E-01  1.4448E-01  1.4448E-01  1.4448E-01  1.4448E-01  1.4448E-01  1.4448E-01  1.4448E-01  1.4448E-01  1.4448E-01  1.4448E-01  1.4448E-01
  19265   2  4.9717E+00  4.9717E+00  4.9717E+00  4.9717E+00  4.9717E+00  4.8879E+00  4.8879E+00  4.8879E+00  4.8879E+00  4.8879E+00  4.8879E+00  4.8879E+00  4.9717E+00  1.5939E+01  1.5939E+01  1.5939E+01  1.5939E+01  1.5939E+01  1.5939E+01  1.5939E+01  1.5939E+01  4.9717E+00  4.9717E+00  4.9717E+00
  18912   3  2.9764E-05  2.9764E-05  2.9764E-05  2.9764E-05  2.9764E-05  2.9764E-05  2.9764E-05  2.9764E-05  2.9764E-05  2.9764E-05  2.9764E-05  2.9764E-05  2.9764E-05  2.9764E-05  2.9764E-05  2.9764E-05  2.9764E-05  2.9764E-05  2.9764E-05  2.9764E-05  2.9764E-05  2.9764E-05  2.9764E-05  2.9764E-05
  19973   3  2.6783E-02  2.6783E-02  2.6783E-02  2.6783E-02  2.6783E-02  2.6783E-02  2.6783E-02  2.6783E-02  2.6783E-02  2.6783E-02  2.6783E-02  2.6783E-02  2.6783E-02  2.6783E-02  2.6783E-02  2.6783E-02  2.6783E-02  2.6783E-02  2.6783E-02  2.6783E-02  2.6783E-02  2.6783E-02  2.6783E-02  2.6783E-02
  20682   2  3.7711E+00  3.7711E+00  3.7711E+00  3.7711E+00  3.7711E+00  3.7711E+00  3.7711E+00  3.7711E+00  3.7711E+00  3.7711E+00  3.7711E+00  3.7711E+00  3.7711E+00  1.1172E+01  1.1172E+01  1.1172E+01  1.1172E+01  1.1172E+01  1.1172E+01  1.1172E+01  1.1172E+01  3.7711E+00  3.7711E+00  3.7711E+00
  21035   2  4.8099E-04  4.8099E-04  4.8099E-04  4.8099E-04  4.8099E-04  4.8099E-04  4.8099E-04  4.8099E-04  4.8099E-04  4.8099E-04  4.8099E-04  4.8099E-04  4.8099E-04  4.8099E-04  4.8099E-04  4.8099E-04  4.8099E-04  4.8099E-04  4.8099E-04  4.8099E-04  4.8099E-04  4.8099E-04  4.8099E-04  4.8099E-04
  20665   2  6.1019E-01  6.1019E-01  6.1019E-01  6.1019E-01  6.1019E-01  6.1019E-01  6.1019E-01  6.1019E-01  6.1019E-01  6.1019E-01  6.1019E-01  6.1019E-01  6.1019E-01  6.1019E-01  6.1019E-01  6.1019E-01  6.1019E-01  6.1019E-01  6.1019E-01  6.1019E-01  6.1019E-01  6.1019E-01  6.1019E-01  6.1019E-01
  21015   2  1.2132E-01  1.2132E-01  1.2132E-01  1.2132E-01  1.2132E-01  1.2132E-01  1.2132E-01  1.2132E-01  1.2132E-01  1.2132E-01  1.2132E-01  1.2132E-01  1.2132E-01  1.2132E-01  1.2132E-01  1.2132E-01  1.2132E-01  1.2132E-01  1.2132E-01  1.2132E-01  1.2132E-01  1.2132E-01  1.2132E-01  1.2132E-01
  13938   2  2.8999E+01  2.8999E+01  2.8999E+01  2.8999E+01  2.6372E+01  2.6372E+01  2.6372E+01  2.6372E+01  2.8999E+01  2.8999E+01  2.8999E+01  2.8999E+01  2.8999E+01  2.8999E+01  2.8999E+01  2.8999E+01  2.8999E+01  2.8999E+01  2.8999E+01  2.8999E+01  2.8999E+01  2.8999E+01  2.8999E+01  2.8999E+01
  13235   2  1.0539E+02  1.0539E+02  1.0539E+02  1.0539E+02  1.0539E+02  1.0539E+02  1.0539E+02  1.0539E+02  1.0539E+02  1.0539E+02  1.0539E+02  1.0539E+02  1.0539E+02  1.0539E+02  1.0539E+02  1.0539E+02  1.0539E+02  1.0539E+02  1.0539E+02  1.0539E+02  1.0539E+02  1.0539E+02  1.0539E+02  1.0539E+02
  21012   2  1.6213E-01  1.6213E-01  1.6213E-01  1.6213E-01  1.6213E-01  1.6213E-01  1.6213E-01  1.6213E-01  1.6213E-01  1.6213E-01  1.6213E-01  1.6213E-01  1.6213E-01  1.6213E-01  1.6213E-01  1.6213E-01  1.6213E-01  1.6213E-01  1.6213E-01  1.6213E-01  1.6213E-01  1.6213E-01  1.6213E-01  1.6213E-01
  20658   2  1.3250E+00  1.3250E+00  1.3250E+00  1.3250E+00  1.3250E+00  1.3250E+00  1.3250E+00  1.3250E+00  1.3250E+00  1.3250E+00  1.3250E+00  1.3250E+00  1.3250E+00  1.3250E+00  1.3250E+00  1.3250E+00  1.3250E+00  1.3250E+00  1.3250E+00  1.3250E+00  1.3250E+00  1.3250E+00  1.3250E+00  1.3250E+00
  21013   2  1.0570E+01  1.0570E+01  1.0570E+01  1.0570E+01  1.0570E+01  1.0570E+01  1.0570E+01  1.0570E+01  1.0570E+01  1.0570E+01  1.0570E+01  1.0570E+01  1.0570E+01  1.0570E+01  1.0570E+01  1.0570E+01  1.0570E+01  1.0570E+01  1.0570E+01  1.0570E+01  1.0570E+01  1.0570E+01  1.0570E+01  1.0570E+01
  20659   1  2.4160E+00  2.4160E+00  2.4160E+00  2.4160E+00  2.4160E+00  2.4160E+00  2.4160E+00  2.4160E+00  2.4160E+00  2.4160E+00  2.4160E+00  2.4160E+00  2.4160E+00  2.4160E+00  2.4160E+00  2.4160E+00  2.4160E+00  2.4160E+00  2.4160E+00  2.4160E+00  2.4160E+00  2.4160E+00  2.4160E+00  2.4160E+00
  19590   3  8.3375E-01  8.3375E-01  8.3375E-01  8.3375E-01  8.3375E-01  8.3375E-01  8.3375E-01  8.3375E-01  8.3375E-01  8.3375E-01  8.3375E-01  8.3375E-01  8.3375E-01  8.3375E-01  8.3375E-01  8.3375E-01  8.3375E-01  8.3375E-01  8.3375E-01  8.3375E-01  8.3375E-01  8.3375E-01  8.3375E-01  8.3375E-01
  19610   3  1.1227E+00  1.1227E+00  1.1227E+00  1.1227E+00  1.1227E+00  1.1227E+00  1.1227E+00  1.1227E+00  1.1227E+00  1.1227E+00  1.1227E+00  1.1227E+00  1.1227E+00  1.1227E+00  1.1227E+00  1.1227E+00  1.1227E+00  1.1227E+00  1.1227E+00  1.1227E+00  1.1227E+00  1.1227E+00  1.1227E+00  1.1227E+00
  17156   4  5.3165E-01  5.3165E-01  5.3165E-01  5.3165E-01  5.3165E-01  5.3165E-01  5.3165E-01  5.3165E-01  5.3165E-01  5.3165E-01  5.3165E-01  5.3165E-01  5.3165E-01  5.3165E-01  5.3165E-01  5.3165E-01  5.3165E-01  5.3165E-01  5.3165E-01  5.3165E-01  5.3165E-01  5.3165E-01  5.3165E-01  5.3165E-01
  17506   3  1.2404E+01  1.2404E+01  1.2404E+01  1.2404E+01  1.2404E+01  1.2404E+01  1.2404E+01  1.2404E+01  1.2404E+01  1.2404E+01  1.2404E+01  1.2404E+01  1.2404E+01  1.2692E+01  1.2692E+01  1.2692E+01  1.2692E+01  1.2692E+01  1.2692E+01  1.2692E+01  1.2692E+01  1.2404E+01  1.2404E+01  1.2404E+01
  17510   3  1.3117E+01  1.3117E+01  1.3117E+01  1.3117E+01  1.3117E+01  1.3117E+01  1.3117E+01  1.3117E+01  1.3117E+01  1.3117E+01  1.3117E+01  1.3117E+01  1.3117E+01  1.3117E+01  1.3117E+01  1.3117E+01  1.3117E+01  1.3117E+01  1.3117E+01  1.3117E+01  1.3117E+01  1.3117E+01  1.3117E+01  1.3117E+01
  16476   3  8.7048E-02  8.7048E-02  8.7048E-02  8.7048E-02  8.7048E-02  8.7048E-02  8.7048E-02  8.7048E-02  8.7048E-02  8.7048E-02  8.7048E-02  8.7048E-02  8.7048E-02  8.7048E-02  8.7048E-02  8.7048E-02  8.7048E-02  8.7048E-02  8.7048E-02  8.7048E-02  8.7048E-02  8.7048E-02  8.7048E-02  8.7048E-02
  10496   4  1.0689E+02  1.0689E+02  1.0689E+02  1.0689E+02  1.0689E+02  1.0689E+02  1.0689E+02  1.0689E+02  1.0689E+02  1.0689E+02  1.0689E+02  1.0689E+02  1.0689E+02  1.0689E+02  1.0689E+02  1.0689E+02  1.0689E+02  1.0689E+02  1.0689E+02  1.0689E+02  1.0689E+02  1.0689E+02  1.0689E+02  1.0689E+02
  10122   7  1.1593E+01  1.1593E+01  1.1593E+01  1.1593E+01  1.1593E+01  1.1593E+01  1.1593E+01  1.1593E+01  1.1593E+01  1.1593E+01  1.1593E+01  1.1593E+01  1.1593E+01  1.1593E+01  1.1593E+01  1.1593E+01  1.1593E+01  1.1593E+01  1.1593E+01  1.1593E+01  1.1593E+01  1.1593E+01  1.1593E+01  1.1593E+01
   6258   4  3.2020E+02  3.2020E+02  3.2020E+02  3.2020E+02  3.2020E+02  3.2020E+02  3.2020E+02  3.2020E+02  3.2020E+02  3.2020E+02  3.2020E+02  3.2020E+02  3.2020E+02  3.2020E+02  3.2020E+02  3.2020E+02  3.2020E+02  3.2020E+02  3.2020E+02  3.2020E+02  3.2020E+02  3.2020E+02  3.2020E+02  3.2020E+02
  11525   3  7.0041E-01  7.0041E-01  7.0041E-01  7.0041E-01  7.0041E-01  7.0041E-01  7.0041E-01  7.0041E-01  7.0041E-01  7.0041E-01  7.0041E-01  7.0041E-01  7.0041E-01  7.0041E-01  7.0041E-01  7.0041E-01  7.0041E-01  7.0041E-01  7.0041E-01  7.0041E-01  7.0041E-01  7.0041E-01  7.0041E-01  7.0041E-01
  18579   2  2.3379E+02  2.3379E+02  2.3379E+02  2.3379E+02  2.3379E+02  2.3379E+02  2.3379E+02  2.3379E+02  2.3379E+02  2.3379E+02  2.3379E+02  2.3379E+02  2.3379E+02  2.3379E+02  2.3379E+02  2.3379E+02  2.3379E+02  2.3379E+02  2.3379E+02  2.3379E+02  2.3379E+02  2.3379E+02  2.3379E+02  2.3379E+02
  18225   2  2.1836E+00  2.1836E+00  2.1836E+00  2.1836E+00  2.1836E+00  2.1836E+00  2.1836E+00  2.1836E+00  2.1836E+00  2.1836E+00  2.1836E+00  2.1836E+00  2.1836E+00  2.1885E+00  2.1885E+00  2.1885E+00  2.1885E+00  2.1885E+00  2.1885E+00  2.1885E+00  2.1885E+00  2.1836E+00  2.1836E+00  2.1836E+00
  18576   2  1.4113E+02  1.4113E+02  1.4113E+02  1.4113E+02  1.4113E+02  1.4113E+02  1.4113E+02  1.4113E+02  1.4113E+02  1.4113E+02  1.4113E+02  1.4113E+02  1.4113E+02  1.4113E+02  1.4113E+02  1.4113E+02  1.4113E+02  1.4113E+02  1.4113E+02  1.4113E+02  1.4113E+02  1.4113E+02  1.4113E+02  1.4113E+02
  22115   3  2.5747E-01  2.5747E-01  2.5747E-01  2.5747E-01  2.5747E-01  2.5747E-01  2.5747E-01  2.5747E-01  2.5747E-01  2.5747E-01  2.5747E-01  2.5747E-01  2.5747E-01  2.5747E-01  2.5747E-01  2.5747E-01  2.5747E-01  2.5747E-01  2.5747E-01  2.5747E-01  2.5747E-01  2.5747E-01  2.5747E-01  2.5747E-01
  15750   3  7.5824E-01  7.5824E-01  7.5824E-01  7.5824E-01  7.5824E-01  7.5824E-01  7.5824E-01  7.5824E-01  7.5824E-01  7.5824E-01  7.5824E-01  7.5824E-01  7.5824E-01  7.5824E-01  7.5824E-01  7.5824E-01  7.5824E-01  7.5824E-01  7.5824E-01  7.5824E-01  7.5824E-01  7.5824E-01  7.5824E-01  7.5824E-01
  16455   3  8.4932E+00  8.4932E+00  8.4932E+00  8.4932E+00  8.4932E+00  8.4932E+00  8.4932E+00  8.4932E+00  8.4932E+00  8.4932E+00  8.4932E+00  8.4932E+00  8.4932E+00  8.4932E+00  8.4932E+00  8.4932E+00  8.4932E+00  8.4932E+00  8.4932E+00  8.4932E+00  8.4932E+00  8.4932E+00  8.4932E+00  8.4932E+00
  18223   2  1.8672E+01  1.8672E+01  1.8672E+01  1.8672E+01  1.8672E+01  1.7463E+01  1.7463E+01  1.7463E+01  1.7463E+01  1.7463E+01  1.7463E+01  1.7463E+01  1.7463E+01  2.0564E+01  2.0564E+01  2.0564E+01  2.0564E+01  2.0564E+01  2.0564E+01  2.0564E+01  2.0564E+01  1.8672E+01  1.8672E+01  1.8672E+01
  18224   2  5.0468E+01  5.0468E+01  5.0468E+01  5.0468E+01  5.0468E+01  3.8601E+01  3.8601E+01  3.8601E+01  3.8601E+01  3.8601E+01  3.8601E+01  3.8601E+01  3.8601E+01  5.0468E+01  5.0468E+01  5.0468E+01  5.0468E+01  5.0468E+01  5.0468E+01  5.0468E+01  5.0468E+01  5.0468E+01  5.0468E+01  5.0468E+01
  18930   3  2.5918E+02  2.5918E+02  2.5918E+02  2.5918E+02  2.5918E+02  2.5918E+02  2.5918E+02  2.5918E+02  2.5918E+02  2.5918E+02  2.5918E+02  2.5918E+02  2.5918E+02  2.5918E+02  2.5918E+02  2.5918E+02  2.5918E+02  2.5918E+02  2.5918E+02  2.5918E+02  2.5918E+02  2.5918E+02  2.5918E+02  2.5918E+02
  18577   3  1.3399E-01  1.3399E-01  1.3399E-01  1.3399E-01  1.3399E-01  1.3399E-01  1.3399E-01  1.3399E-01  1.3399E-01  1.3399E-01  1.3399E-01  1.3399E-01  1.3399E-01  1.6127E-01  1.6127E-01  1.6127E-01  1.6127E-01  1.6127E-01  1.6127E-01  1.6127E-01  1.6127E-01  1.3399E-01  1.3399E-01  1.3399E-01
  18222   3  1.2048E+00  1.2048E+00  1.2048E+00  1.2048E+00  1.2048E+00  1.0517E+00  1.0517E+00  1.0517E+00  1.0517E+00  1.0517E+00  1.0517E+00  1.0517E+00  1.0517E+00  6.7364E+00  6.7364E+00  6.7364E+00  6.7364E+00  6.7364E+00  6.7364E+00  6.7364E+00  6.7364E+00  1.2048E+00  1.2048E+00  1.2048E+00
  18928   4  1.4184E+02  1.4184E+02  1.4184E+02  1.4184E+02  1.4184E+02  1.4184E+02  1.4184E+02  1.4184E+02  1.4184E+02  1.4184E+02  1.4184E+02  1.4184E+02  1.4184E+02  1.4184E+02  1.4184E+02  1.4184E+02  1.4184E+02  1.4184E+02  1.4184E+02  1.4184E+02  1.4184E+02  1.4184E+02  1.4184E+02  1.4184E+02
  18575   4  3.0724E+00  3.0724E+00  3.0724E+00  3.0724E+00  3.0724E+00  3.0724E+00  3.0724E+00  3.0724E+00  3.0724E+00  3.0724E+00  3.0724E+00  3.0724E+00  3.0724E+00  3.0724E+00  3.0724E+00  3.0724E+00  3.0724E+00  3.0724E+00  3.0724E+00  3.0724E+00  3.0724E+00  3.0724E+00  3.0724E+00  3.0724E+00
  15401   3  1.1948E+02  1.1948E+02  1.1948E+02  1.1948E+02  1.1948E+02  1.1948E+02  1.1948E+02  1.1948E+02  1.1948E+02  1.1948E+02  1.1948E+02  1.1948E+02  1.1948E+02  1.1948E+02  1.1948E+02  1.1948E+02  1.1948E+02  1.1948E+02  1.1948E+02  1.1948E+02  1.1948E+02  1.1948E+02  1.1948E+02  1.1948E+02
  15762   4  2.1496E+00  2.1496E+00  2.1496E+00  2.1496E+00  2.1496E+00  2.1496E+00  2.1496E+00  2.1496E+00  2.1496E+00  2.1496E+00  2.1496E+00  2.1496E+00  2.1496E+00  2.1496E+00  2.1496E+00  2.1496E+00  2.1496E+00  2.1496E+00  2.1496E+00  2.1496E+00  2.1496E+00  2.1496E+00  2.1496E+00  2.1496E+00
  18227   4  2.5494E+00  2.5494E+00  2.5494E+00  2.5494E+00  2.5494E+00  2.5494E+00  2.5494E+00  2.5494E+00  2.5494E+00  2.5494E+00  2.5494E+00  2.5494E+00  2.5494E+00  2.5494E+00  2.5494E+00  2.5494E+00  2.5494E+00  2.5494E+00  2.5494E+00  2.5494E+00  2.5494E+00  2.5494E+00  2.5494E+00  2.5494E+00
  21763   4  4.8625E+00  4.8625E+00  4.8625E+00  4.8625E+00  4.8625E+00  4.8625E+00  4.8625E+00  4.8625E+00  4.8625E+00  4.8625E+00  4.8625E+00  4.8625E+00  4.8625E+00  4.8625E+00  4.8625E+00  4.8625E+00  4.8625E+00  4.8625E+00  4.8625E+00  4.8625E+00  4.8625E+00  4.8625E+00  4.8625E+00  4.8625E+00
  24551   4  4.3442E-01  4.3442E-01  4.3442E-01  4.3442E-01  4.3442E-01  4.3442E-01  4.3442E-01  4.3442E-01  4.3442E-01  4.3442E-01  4.3442E-01  4.3442E-01  4.3442E-01  4.3442E-01  4.3442E-01  4.3442E-01  4.3442E-01  4.3442E-01  4.3442E-01  4.3442E-01  4.3442E-01  4.3442E-01  4.3442E-01  4.3442E-01
  24911   4  2.9681E+01  2.9681E+01  2.9681E+01  2.9681E+01  2.9681E+01  2.9681E+01  2.9681E+01  2.9681E+01  2.9681E+01  2.9681E+01  2.9681E+01  2.9681E+01  2.9681E+01  2.9681E+01  2.9681E+01  2.9681E+01  2.9681E+01  2.9681E+01  2.9681E+01  2.9681E+01  2.9681E+01  2.9681E+01  2.9681E+01  2.9681E+01
  24906   3  5.7771E-04  5.7771E-04  5.7771E-04  5.7771E-04  5.7771E-04  5.7771E-04  5.7771E-04  5.7771E-04  5.7771E-04  5.7771E-04  5.7771E-04  5.7771E-04  5.7771E-04  5.7771E-04  5.7771E-04  5.7771E-04  5.7771E-04  5.7771E-04  5.7771E-04  5.7771E-04  5.7771E-04  5.7771E-04  5.7771E-04  5.7771E-04
  24201   3  2.7838E+01  2.7427E+01  2.5896E+01  2.3366E+01  2.0717E+01  1.7513E+01  1.6215E+01  1.5567E+01  1.5350E+01  1.5783E+01  1.7080E+01  1.9134E+01  2.1783E+01  2.3404E+01  2.4702E+01  2.5836E+01  2.6269E+01  2.6701E+01  2.6864E+01  2.7080E+01  2.7026E+01  2.6864E+01  2.6431E+01  2.5782E+01
  24904   3  9.6414E+01  9.6414E+01  9.6414E+01  9.6414E+01  9.6414E+01  9.3757E+01  9.3757E+01  9.3757E+01  9.3757E+01  9.3757E+01  9.3757E+01  9.3757E+01  9.3757E+01  1.0416E+02  1.0416E+02  1.0416E+02  1.0416E+02  1.0416E+02  1.0416E+02  1.0416E+02  1.0416E+02  9.6414E+01  9.6414E+01  9.6414E+01
  25257   3  1.7966E+01  1.7966E+01  1.7966E+01  1.7966E+01  1.7966E+01  1.7966E+01  1.7966E+01  1.7966E+01  1.7966E+01  1.7966E+01  1.7966E+01  1.7966E+01  1.7966E+01  1.7966E+01  1.7966E+01  1.7966E+01  1.7966E+01  1.7966E+01  1.7966E+01  1.7966E+01  1.7966E+01  1.7966E+01  1.7966E+01  1.7966E+01
  23850   3  6.3452E+01  6.3452E+01  6.3452E+01  6.3452E+01  6.3452E+01  6.3452E+01  6.3452E+01  6.3452E+01  6.3452E+01  6.3452E+01  6.3452E+01  6.3452E+01  6.3452E+01  6.3452E+01  6.3452E+01  6.3452E+01  6.3452E+01  6.3452E+01  6.3452E+01  6.3452E+01  6.3452E+01  6.3452E+01  6.3452E+01  6.3452E+01
  25616   3  3.9007E+00  3.9007E+00  3.9007E+00  3.9007E+00  3.9007E+00  3.9007E+00  3.9007E+00  3.9007E+00  3.9007E+00  3.9007E+00  3.9007E+00  3.9007E+00  3.9007E+00  3.9007E+00  3.9007E+00  3.9007E+00  3.9007E+00  3.9007E+00  3.9007E+00  3.9007E+00  3.9007E+00  3.9007E+00  3.9007E+00  3.9007E+00
  30355   4  3.1302E+01  3.0839E+01  2.9118E+01  2.6273E+01  2.3295E+01  1.9691E+01  1.8233E+01  1.7503E+01  1.7260E+01  1.7746E+01  1.9205E+01  2.1514E+01  2.4492E+01  2.6316E+01  2.7774E+01  2.9051E+01  2.9537E+01  3.0023E+01  3.0206E+01  3.0449E+01  3.0388E+01  3.0206E+01  2.9719E+01  2.8990E+01
  31274   4  3.4377E+02  3.4377E+02  3.4377E+02  3.4377E+02  3.4377E+02  3.4377E+02  3.4377E+02  3.4377E+02  3.4377E+02  3.4377E+02  3.4377E+02  3.4377E+02  3.4377E+02  3.4377E+02  3.4377E+02  3.4377E+02  3.4377E+02  3.4377E+02  3.4377E+02  3.4377E+02  3.4377E+02  3.4377E+02  3.4377E+02  3.4377E+02
  30921   4  2.1650E+00  2.1650E+00  2.1650E+00  2.1650E+00  2.1650E+00  2.1650E+00  2.1650E+00  2.1650E+00  2.1650E+00  2.1650E+00  2.1650E+00  2.1650E+00  2.1650E+00  2.1650E+00  2.1650E+00  2.1650E+00  2.1650E+00  2.1650E+00  2.1650E+00  2.1650E+00  2.1650E+00  2.1650E+00  2.1650E+00  2.1650E+00
  31605   3  1.6690E+01  1.6690E+01  1.6690E+01  1.6690E+01  1.6690E+01  1.6690E+01  1.6690E+01  1.6690E+01  1.6690E+01  1.6690E+01  1.6690E+01  1.6690E+01  1.6690E+01  1.6690E+01  1.6690E+01  1.6690E+01  1.6690E+01  1.6690E+01  1.6690E+01  1.6690E+01  1.6690E+01  1.6690E+01  1.6690E+01  1.6690E+01
  31252   3  3.8784E+01  3.8784E+01  3.8784E+01  3.8784E+01  3.8784E+01  3.8784E+01  3.8784E+01  3.8784E+01  3.8784E+01  3.8784E+01  3.8784E+01  3.8784E+01  3.8784E+01  3.8784E+01  3.8784E+01  3.8784E+01  3.8784E+01  3.8784E+01  3.8784E+01  3.8784E+01  3.8784E+01  3.8784E+01  3.8784E+01  3.8784E+01
  31958   4  1.0339E+01  1.0339E+01  1.0339E+01  1.0339E+01  1.0339E+01  1.0339E+01  1.0339E+01  1.0339E+01  1.0339E+01  1.0339E+01  1.0339E+01  1.0339E+01  1.0339E+01  1.0339E+01  1.0339E+01  1.0339E+01  1.0339E+01  1.0339E+01  1.0339E+01  1.0339E+01  1.0339E+01  1.0339E+01  1.0339E+01  1.0339E+01
  31959   4  1.4324E-01  1.4324E-01  1.4324E-01  1.4324E-01  1.4324E-01  1.4324E-01  1.4324E-01  1.4324E-01  1.4324E-01  1.4324E-01  1.4324E-01  1.4324E-01  1.4324E-01  1.4324E-01  1.4324E-01  1.4324E-01  1.4324E-01  1.4324E-01  1.4324E-01  1.4324E-01  1.4324E-01  1.4324E-01  1.4324E-01  1.4324E-01
  30924   4  1.9093E+02  1.9093E+02  1.9093E+02  1.9093E+02  1.9093E+02  1.9093E+02  1.9093E+02  1.9093E+02  1.9093E+02  1.9093E+02  1.9093E+02  1.9093E+02  1.9093E+02  1.9093E+02  1.9093E+02  1.9093E+02  1.9093E+02  1.9093E+02  1.9093E+02  1.9093E+02  1.9093E+02  1.9093E+02  1.9093E+02  1.9093E+02
  30193   4  2.3320E+02  2.2975E+02  2.1693E+02  1.9573E+02  1.7355E+02  1.4670E+02  1.3583E+02  1.3040E+02  1.2859E+02  1.3221E+02  1.4308E+02  1.6029E+02  1.8247E+02  1.9605E+02  2.0692E+02  2.1643E+02  2.2005E+02  2.2367E+02  2.2503E+02  2.2684E+02  2.2639E+02  2.2503E+02  2.2141E+02  2.1598E+02
  48458   4  1.1636E+02  1.1463E+02  1.0824E+02  9.7660E+01  8.6590E+01  7.3195E+01  6.7774E+01  6.5063E+01  6.4159E+01  6.5966E+01  7.1388E+01  7.9973E+01  9.1043E+01  9.7820E+01  1.0324E+02  1.0799E+02  1.0979E+02  1.1160E+02  1.1228E+02  1.1318E+02  1.1296E+02  1.1228E+02  1.1047E+02  1.0776E+02
  43182   4  1.8915E-01  1.8915E-01  1.8915E-01  1.8915E-01  1.8915E-01  1.8915E-01  1.8915E-01  1.8915E-01  1.8915E-01  1.8915E-01  1.8915E-01  1.8915E-01  1.8915E-01  4.3336E+01  4.3336E+01  4.3336E+01  4.3336E+01  4.3336E+01  4.3336E+01  4.3336E+01  4.3336E+01  1.8915E-01  1.8915E-01  1.8915E-01
  36485   4  1.6365E+01  1.6365E+01  1.6365E+01  1.6365E+01  1.6365E+01  1.6365E+01  1.6365E+01  1.6365E+01  1.6365E+01  1.6365E+01  1.6365E+01  1.6365E+01  1.6365E+01  3.5628E+01  3.5628E+01  3.5628E+01  3.5628E+01  3.5628E+01  3.5628E+01  3.5628E+01  3.5628E+01  1.6365E+01  1.6365E+01  1.6365E+01
  37192   3  2.2810E+02  2.2472E+02  2.1218E+02  1.9145E+02  1.6975E+02  1.4349E+02  1.3286E+02  1.2755E+02  1.2578E+02  1.2932E+02  1.3995E+02  1.5678E+02  1.7848E+02  1.9176E+02  2.0239E+02  2.1169E+02  2.1523E+02  2.1878E+02  2.2010E+02  2.2188E+02  2.2143E+02  2.2010E+02  2.1656E+02  2.1125E+02
  14756   3  1.3421E+03  1.3421E+03  1.3421E+03  1.3421E+03  1.3421E+03  1.3421E+03  1.3421E+03  1.3421E+03  1.3421E+03  1.3421E+03  1.3421E+03  1.3421E+03  1.3421E+03  1.3421E+03  1.3421E+03  1.3421E+03  1.3421E+03  1.3421E+03  1.3421E+03  1.3421E+03  1.3421E+03  1.3421E+03  1.3421E+03  1.3421E+03
  15105   3  3.9635E-01  3.9635E-01  3.9635E-01  3.9635E-01  3.9635E-01  3.9635E-01  3.9635E-01  3.9635E-01  3.9635E-01  3.9635E-01  3.9635E-01  3.9635E-01  3.9635E-01  3.9635E-01  3.9635E-01  3.9635E-01  3.9635E-01  3.9635E-01  3.9635E-01  3.9635E-01  3.9635E-01  3.9635E-01  3.9635E-01  3.9635E-01
  14763   1  3.8220E+02  3.8220E+02  3.8220E+02  3.8220E+02  3.8220E+02  3.8220E+02  3.8220E+02  3.8220E+02  3.8220E+02  3.8220E+02  3.8220E+02  3.8220E+02  3.8220E+02  3.8220E+02  3.8220E+02  3.8220E+02  3.8220E+02  3.8220E+02  3.8220E+02  3.8220E+02  3.8220E+02  3.8220E+02  3.8220E+02  3.8220E+02
  19635   3  3.1853E+00  3.1853E+00  3.1853E+00  3.1853E+00  3.1853E+00  8.7357E-01  8.7357E-01  8.7357E-01  8.7357E-01  8.7357E-01  8.7357E-01  8.7357E-01  8.7357E-01  3.1853E+00  3.1853E+00  3.1853E+00  3.1853E+00  3.1853E+00  3.1853E+00  3.1853E+00  3.1853E+00  3.1853E+00  3.1853E+00  3.1853E+00
  19283   1  1.4639E+00  1.4639E+00  1.4639E+00  1.4639E+00  1.4639E+00  1.4639E+00  1.4639E+00  1.4639E+00  1.4639E+00  1.4639E+00  1.4639E+00  1.4639E+00  1.4639E+00  1.4639E+00  1.4639E+00  1.4639E+00  1.4639E+00  1.4639E+00  1.4639E+00  1.4639E+00  1.4639E+00  1.4639E+00  1.4639E+00  1.4639E+00
  19638   1  8.8006E-04  8.8006E-04  8.8006E-04  8.8006E-04  8.8006E-04  8.8006E-04  8.8006E-04  8.8006E-04  8.8006E-04  8.8006E-04  8.8006E-04  8.8006E-04  8.8006E-04  8.8006E-04  8.8006E-04  8.8006E-04  8.8006E-04  8.8006E-04  8.8006E-04  8.8006E-04  8.8006E-04  8.8006E-04  8.8006E-04  8.8006E-04
  19633   2  3.5930E+00  3.5930E+00  3.5930E+00  3.5930E+00  3.5930E+00  6.3312E-01  6.3312E-01  6.3312E-01  6.3312E-01  6.3312E-01  6.3312E-01  6.3312E-01  3.5930E+00  3.5930E+00  3.5930E+00  3.5930E+00  3.5930E+00  3.5930E+00  3.5930E+00  3.5930E+00  3.5930E+00  3.5930E+00  3.5930E+00  3.5930E+00
  20343   1  9.8859E-01  9.8859E-01  9.8859E-01  9.8859E-01  9.8859E-01  9.8859E-01  9.8859E-01  9.8859E-01  9.8859E-01  9.8859E-01  9.8859E-01  9.8859E-01  9.8859E-01  9.8859E-01  9.8859E-01  9.8859E-01  9.8859E-01  9.8859E-01  9.8859E-01  9.8859E-01  9.8859E-01  9.8859E-01  9.8859E-01  9.8859E-01
  19282   1  5.0704E-01  5.0704E-01  5.0704E-01  5.0704E-01  5.0704E-01  5.0704E-01  5.0704E-01  5.0704E-01  5.0704E-01  5.0704E-01  5.0704E-01  5.0704E-01  5.0704E-01  5.0704E-01  5.0704E-01  5.0704E-01  5.0704E-01  5.0704E-01  5.0704E-01  5.0704E-01  5.0704E-01  5.0704E-01  5.0704E-01  5.0704E-01
  19990   3  1.1593E+00  1.1593E+00  1.1593E+00  1.1593E+00  1.1593E+00  1.1593E+00  1.1593E+00  1.1593E+00  1.1593E+00  1.1593E+00  1.1593E+00  1.1593E+00  1.1593E+00  1.1593E+00  1.1593E+00  1.1593E+00  1.1593E+00  1.1593E+00  1.1593E+00  1.1593E+00  1.1593E+00  1.1593E+00  1.1593E+00  1.1593E+00
  18929   1  2.7847E+00  2.7847E+00  2.7847E+00  2.7847E+00  2.7847E+00  2.7847E+00  2.7847E+00  2.7847E+00  2.7847E+00  2.7847E+00  2.7847E+00  2.7847E+00  2.7847E+00  3.0510E+00  3.0510E+00  3.0510E+00  3.0510E+00  3.0510E+00  3.0510E+00  3.0510E+00  3.0510E+00  2.7847E+00  2.7847E+00  2.7847E+00
  19281   1  5.2366E-01  5.2366E-01  5.2366E-01  5.2366E-01  5.2366E-01  5.2366E-01  5.2366E-01  5.2366E-01  5.2366E-01  5.2366E-01  5.2366E-01  5.2366E-01  5.2366E-01  5.2366E-01  5.2366E-01  5.2366E-01  5.2366E-01  5.2366E-01  5.2366E-01  5.2366E-01  5.2366E-01  5.2366E-01  5.2366E-01  5.2366E-01
  19637   1  4.3054E-01  4.3054E-01  4.3054E-01  4.3054E-01  4.3054E-01  4.3054E-01  4.3054E-01  4.3054E-01  4.3054E-01  4.3054E-01  4.3054E-01  4.3054E-01  4.3054E-01  4.3054E-01  4.3054E-01  4.3054E-01  4.3054E-01  4.3054E-01  4.3054E-01  4.3054E-01  4.3054E-01  4.3054E-01  4.3054E-01  4.3054E-01
  17533   1  1.0357E+00  1.0357E+00  1.0357E+00  1.0357E+00  1.0357E+00  1.0357E+00  1.0357E+00  1.0357E+00  1.0357E+00  1.0357E+00  1.0357E+00  1.0357E+00  1.0357E+00  1.0357E+00  1.0357E+00  1.0357E+00  1.0357E+00  1.0357E+00  1.0357E+00  1.0357E+00  1.0357E+00  1.0357E+00  1.0357E+00  1.0357E+00
  15091   2  7.5525E+02  7.5525E+02  7.5525E+02  7.5525E+02  7.5525E+02  7.5525E+02  7.5525E+02  7.5525E+02  7.5525E+02  7.5525E+02  7.5525E+02  7.5525E+02  7.5525E+02  7.5525E+02  7.5525E+02  7.5525E+02  7.5525E+02  7.5525E+02  7.5525E+02  7.5525E+02  7.5525E+02  7.5525E+02  7.5525E+02  7.5525E+02
  15092   3  4.6090E+02  4.6090E+02  4.6090E+02  4.6090E+02  4.6090E+02  4.6090E+02  4.6090E+02  4.6090E+02  4.6090E+02  4.6090E+02  4.6090E+02  4.6090E+02  4.6090E+02  4.6090E+02  4.6090E+02  4.6090E+02  4.6090E+02  4.6090E+02  4.6090E+02  4.6090E+02  4.6090E+02  4.6090E+02  4.6090E+02  4.6090E+02
  14738   1  3.2255E+00  3.2255E+00  3.2255E+00  3.2255E+00  3.2255E+00  3.2255E+00  3.2255E+00  3.2255E+00  3.2255E+00  3.2255E+00  3.2255E+00  3.2255E+00  3.2255E+00  3.2255E+00  3.2255E+00  3.2255E+00  3.2255E+00  3.2255E+00  3.2255E+00  3.2255E+00  3.2255E+00  3.2255E+00  3.2255E+00  3.2255E+00
  14383   4  1.7546E+01  1.7546E+01  1.7546E+01  1.7546E+01  1.7546E+01  1.7546E+01  1.7546E+01  1.7546E+01  1.7546E+01  1.7546E+01  1.7546E+01  1.7546E+01  1.7546E+01  1.7546E+01  1.7546E+01  1.7546E+01  1.7546E+01  1.7546E+01  1.7546E+01  1.7546E+01  1.7546E+01  1.7546E+01  1.7546E+01  1.7546E+01
  17884   4  5.7779E-02  5.7779E-02  5.7779E-02  5.7779E-02  5.7779E-02  5.7779E-02  5.7779E-02  5.7779E-02  5.7779E-02  5.7779E-02  5.7779E-02  5.7779E-02  5.7779E-02  5.7779E-02  5.7779E-02  5.7779E-02  5.7779E-02  5.7779E-02  5.7779E-02  5.7779E-02  5.7779E-02  5.7779E-02  5.7779E-02  5.7779E-02
  17531   4  1.2123E+04  1.2123E+04  1.2123E+04  1.2123E+04  1.2123E+04  1.2123E+04  1.2123E+04  1.2123E+04  1.2123E+04  1.2123E+04  1.2123E+04  1.2123E+04  1.2123E+04  1.2124E+04  1.2124E+04  1.2124E+04  1.2124E+04  1.2124E+04  1.2124E+04  1.2124E+04  1.2124E+04  1.2123E+04  1.2123E+04  1.2123E+04
  21411   4  3.2853E-02  3.2853E-02  3.2853E-02  3.2853E-02  3.2853E-02  3.2853E-02  3.2853E-02  3.2853E-02  3.2853E-02  3.2853E-02  3.2853E-02  3.2853E-02  3.2853E-02  3.2853E-02  3.2853E-02  3.2853E-02  3.2853E-02  3.2853E-02  3.2853E-02  3.2853E-02  3.2853E-02  3.2853E-02  3.2853E-02  3.2853E-02
  20709   3  4.6440E+00  4.6440E+00  4.6440E+00  4.6440E+00  4.6440E+00  4.6440E+00  4.6440E+00  4.6440E+00  4.6440E+00  4.6440E+00  4.6440E+00  4.6440E+00  4.6440E+00  4.6440E+00  4.6440E+00  4.6440E+00  4.6440E+00  4.6440E+00  4.6440E+00  4.6440E+00  4.6440E+00  4.6440E+00  4.6440E+00  4.6440E+00
  18247   3  1.7545E+02  1.7286E+02  1.6321E+02  1.4726E+02  1.3057E+02  1.1037E+02  1.0220E+02  9.8109E+01  9.6746E+01  9.9473E+01  1.0765E+02  1.2059E+02  1.3728E+02  1.4750E+02  1.5568E+02  1.6284E+02  1.6556E+02  1.6828E+02  1.6931E+02  1.7067E+02  1.7033E+02  1.6931E+02  1.6658E+02  1.6249E+02
  12621   3  2.2906E+02  2.2906E+02  2.2906E+02  2.2906E+02  2.2906E+02  2.2906E+02  2.2906E+02  2.2906E+02  2.2906E+02  2.2906E+02  2.2906E+02  2.2906E+02  2.2906E+02  2.2906E+02  2.2906E+02  2.2906E+02  2.2906E+02  2.2906E+02  2.2906E+02  2.2906E+02  2.2906E+02  2.2906E+02  2.2906E+02  2.2906E+02
  17530   3  1.6617E-02  1.6617E-02  1.6617E-02  1.6617E-02  1.6617E-02  1.6617E-02  1.6617E-02  1.6617E-02  1.6617E-02  1.6617E-02  1.6617E-02  1.6617E-02  1.6617E-02  1.6617E-02  1.6617E-02  1.6617E-02  1.6617E-02  1.6617E-02  1.6617E-02  1.6617E-02  1.6617E-02  1.6617E-02  1.6617E-02  1.6617E-02
  32694   3  6.1196E+01  6.1196E+01  6.1196E+01  6.1196E+01  6.1196E+01  6.1196E+01  6.1196E+01  6.1196E+01  6.1196E+01  6.1196E+01  6.1196E+01  6.1196E+01  6.1196E+01  6.1196E+01  6.1196E+01  6.1196E+01  6.1196E+01  6.1196E+01  6.1196E+01  6.1196E+01  6.1196E+01  6.1196E+01  6.1196E+01  6.1196E+01
  19303   3  2.4073E-01  2.4073E-01  2.4073E-01  2.4073E-01  2.4073E-01  2.4073E-01  2.4073E-01  2.4073E-01  2.4073E-01  2.4073E-01  2.4073E-01  2.4073E-01  2.4073E-01  2.4073E-01  2.4073E-01  2.4073E-01  2.4073E-01  2.4073E-01  2.4073E-01  2.4073E-01  2.4073E-01  2.4073E-01  2.4073E-01  2.4073E-01
  24938   2  4.2606E+02  4.2606E+02  4.2606E+02  4.2606E+02  4.2606E+02  4.2606E+02  4.2606E+02  4.2606E+02  4.2606E+02  4.2606E+02  4.2606E+02  4.2606E+02  4.2606E+02  4.2606E+02  4.2606E+02  4.2606E+02  4.2606E+02  4.2606E+02  4.2606E+02  4.2606E+02  4.2606E+02  4.2606E+02  4.2606E+02  4.2606E+02
  25290   2  3.1132E+01  3.0671E+01  2.8960E+01  2.6130E+01  2.3168E+01  1.9584E+01  1.8134E+01  1.7408E+01  1.7166E+01  1.7650E+01  1.9101E+01  2.1398E+01  2.4359E+01  2.6173E+01  2.7623E+01  2.8893E+01  2.9376E+01  2.9860E+01  3.0041E+01  3.0283E+01  3.0222E+01  3.0041E+01  2.9558E+01  2.8832E+01
  26704   2  8.5162E+02  8.3904E+02  7.9229E+02  7.1501E+02  6.3412E+02  5.3626E+02  4.9664E+02  4.7683E+02  4.7023E+02  4.8343E+02  5.2305E+02  5.8578E+02  6.6666E+02  7.1618E+02  7.5579E+02  7.9046E+02  8.0367E+02  8.1687E+02  8.2183E+02  8.2843E+02  8.2679E+02  8.2183E+02  8.0863E+02  7.8882E+02
  19305   4  1.6694E+00  1.6694E+00  1.6694E+00  1.6694E+00  1.6694E+00  1.6694E+00  1.6694E+00  1.6694E+00  1.6694E+00  1.6694E+00  1.6694E+00  1.6694E+00  1.6694E+00  1.6694E+00  1.6694E+00  1.6694E+00  1.6694E+00  1.6694E+00  1.6694E+00  1.6694E+00  1.6694E+00  1.6694E+00  1.6694E+00  1.6694E+00
  15423   3  1.7451E+01  1.7451E+01  1.7451E+01  1.7451E+01  1.7451E+01  1.7451E+01  1.7451E+01  1.7451E+01  1.7451E+01  1.7451E+01  1.7451E+01  1.7451E+01  1.7451E+01  1.7451E+01  1.7451E+01  1.7451E+01  1.7451E+01  1.7451E+01  1.7451E+01  1.7451E+01  1.7451E+01  1.7451E+01  1.7451E+01  1.7451E+01
  28558   3  8.4909E+01  8.4576E+01  8.3339E+01  8.1293E+01  7.9153E+01  7.6562E+01  7.5514E+01  7.4989E+01  7.4815E+01  7.5164E+01  7.6213E+01  7.7873E+01  8.0014E+01  8.1324E+01  8.2373E+01  8.3291E+01  8.3640E+01  8.3990E+01  8.4121E+01  8.4295E+01  8.4252E+01  8.4121E+01  8.3771E+01  8.3247E+01
  28911   3  1.4254E+01  1.4254E+01  1.4254E+01  1.4254E+01  1.4254E+01  1.4254E+01  1.4254E+01  1.4254E+01  1.4254E+01  1.4254E+01  1.4254E+01  1.4254E+01  1.4254E+01  1.4254E+01  1.4254E+01  1.4254E+01  1.4254E+01  1.4254E+01  1.4254E+01  1.4254E+01  1.4254E+01  1.4254E+01  1.4254E+01  1.4254E+01
  29621   6  1.4631E-01  1.4631E-01  1.4631E-01  1.4631E-01  1.4631E-01  1.4631E-01  1.4631E-01  1.4631E-01  1.4631E-01  1.4631E-01  1.4631E-01  1.4631E-01  1.4631E-01  1.4631E-01  1.4631E-01  1.4631E-01  1.4631E-01  1.4631E-01  1.4631E-01  1.4631E-01  1.4631E-01  1.4631E-01  1.4631E-01  1.4631E-01
  28221   3  6.7181E+01  6.6186E+01  6.2494E+01  5.6386E+01  4.9995E+01  4.2261E+01  3.9131E+01  3.7566E+01  3.7044E+01  3.8087E+01  4.1218E+01  4.6174E+01  5.2566E+01  5.6479E+01  5.9609E+01  6.2349E+01  6.3392E+01  6.4436E+01  6.4827E+01  6.5348E+01  6.5218E+01  6.4827E+01  6.3783E+01  6.2218E+01
  35117   3  4.7770E-02  4.7770E-02  4.7770E-02  4.7770E-02  4.7770E-02  4.7770E-02  4.7770E-02  4.7770E-02  4.7770E-02  4.7770E-02  4.7770E-02  4.7770E-02  4.7770E-02  4.7770E-02  4.7770E-02  4.7770E-02  4.7770E-02  4.7770E-02  4.7770E-02  4.7770E-02  4.7770E-02  4.7770E-02  4.7770E-02  4.7770E-02
