POA Emissions
         510 2005-03-16_00:00:00, SAT
  47145   3  4.8322E+02  4.8322E+02  4.8322E+02  4.8322E+02  4.8322E+02  4.6870E+02  4.6870E+02  4.6870E+02  4.6870E+02  4.6870E+02  4.6870E+02  4.6870E+02  4.8322E+02  9.0605E+03  9.0605E+03  9.0605E+03  9.0605E+03  9.0605E+03  9.0605E+03  9.0605E+03  9.0605E+03  4.8322E+02  4.8322E+02  4.8322E+02
  46441   2  1.5960E+04  1.5960E+04  1.5960E+04  1.5960E+04  1.5960E+04  1.5960E+04  1.5960E+04  1.5960E+04  1.5960E+04  1.5960E+04  1.5960E+04  1.5960E+04  1.5960E+04  1.5960E+04  1.5960E+04  1.5960E+04  1.5960E+04  1.5960E+04  1.5960E+04  1.5960E+04  1.5960E+04  1.5960E+04  1.5960E+04  1.5960E+04
  76270   3  1.7003E+02  1.7003E+02  1.7003E+02  1.7003E+02  1.7003E+02  1.7003E+02  1.7003E+02  1.7003E+02  1.7003E+02  1.7003E+02  1.7003E+02  1.7003E+02  1.7003E+02  1.7003E+02  1.7003E+02  1.7003E+02  1.7003E+02  1.7003E+02  1.7003E+02  1.7003E+02  1.7003E+02  1.7003E+02  1.7003E+02  1.7003E+02
  79107   2  2.2408E+03  2.2408E+03  2.2408E+03  2.2408E+03  2.2408E+03  2.2408E+03  2.2408E+03  2.2408E+03  2.2408E+03  2.2408E+03  2.2408E+03  2.2408E+03  2.2408E+03  2.2408E+03  2.2408E+03  2.3896E+03  2.3896E+03  2.3896E+03  2.3896E+03  2.3896E+03  2.3896E+03  2.3896E+03  2.3896E+03  2.2408E+03
  79108   2  1.5527E+02  1.5527E+02  1.5527E+02  1.5527E+02  1.5527E+02  1.5527E+02  1.5527E+02  1.5527E+02  1.5527E+02  1.5527E+02  1.5527E+02  1.5527E+02  1.5527E+02  1.5527E+02  1.5527E+02  1.5527E+02  1.5527E+02  1.5527E+02  1.5527E+02  1.5527E+02  1.5527E+02  1.5527E+02  1.5527E+02  1.5527E+02
  79106   3  1.1508E+04  1.1508E+04  1.1508E+04  1.1508E+04  1.1508E+04  1.1508E+04  1.1508E+04  1.1508E+04  1.1508E+04  1.1508E+04  1.1508E+04  1.1508E+04  1.1508E+04  1.1508E+04  1.1508E+04  1.1508E+04  1.1508E+04  1.1508E+04  1.1508E+04  1.1508E+04  1.1508E+04  1.1508E+04  1.1508E+04  1.1508E+04
  78754   3  2.7898E-02  2.7898E-02  2.7898E-02  2.7898E-02  2.7898E-02  2.7898E-02  2.7898E-02  2.7898E-02  2.7898E-02  2.7898E-02  2.7898E-02  2.7898E-02  2.7898E-02  2.7898E-02  2.7898E-02  2.7898E-02  2.7898E-02  2.7898E-02  2.7898E-02  2.7898E-02  2.7898E-02  2.7898E-02  2.7898E-02  2.7898E-02
  78755   3  1.6592E+03  1.6592E+03  1.6592E+03  1.6592E+03  1.6592E+03  1.6592E+03  1.6592E+03  1.6592E+03  1.6592E+03  1.6592E+03  1.6592E+03  1.6592E+03  1.6592E+03  1.6592E+03  1.6592E+03  1.6592E+03  1.6592E+03  1.6592E+03  1.6592E+03  1.6592E+03  1.6592E+03  1.6592E+03  1.6592E+03  1.6592E+03
  78738   2  5.5770E-01  5.5770E-01  5.5770E-01  5.5770E-01  5.5770E-01  5.5770E-01  5.5770E-01  5.5770E-01  5.5770E-01  5.5770E-01  5.5770E-01  5.5770E-01  5.5770E-01  5.5770E-01  5.5770E-01  5.5770E-01  5.5770E-01  5.5770E-01  5.5770E-01  5.5770E-01  5.5770E-01  5.5770E-01  5.5770E-01  5.5770E-01
  78383   2  7.8889E+02  7.7722E+02  7.3386E+02  6.6214E+02  5.8708E+02  4.9627E+02  4.5951E+02  4.4113E+02  4.3500E+02  4.4726E+02  4.8402E+02  5.4222E+02  6.1728E+02  6.6323E+02  6.9999E+02  7.3216E+02  7.4441E+02  7.5666E+02  7.6125E+02  7.6738E+02  7.6585E+02  7.6125E+02  7.4900E+02  7.3062E+02
  78032   2  1.3108E+00  1.3108E+00  1.3108E+00  1.3108E+00  1.3108E+00  1.3108E+00  1.3108E+00  1.3108E+00  1.3108E+00  1.3108E+00  1.3108E+00  1.3108E+00  1.3108E+00  1.3108E+00  1.3108E+00  1.3108E+00  1.3108E+00  1.3108E+00  1.3108E+00  1.3108E+00  1.3108E+00  1.3108E+00  1.3108E+00  1.3108E+00
  51367   4  1.0213E+02  1.0213E+02  1.0213E+02  1.0213E+02  1.0213E+02  1.0213E+02  1.0213E+02  1.0213E+02  1.0213E+02  1.0213E+02  1.0213E+02  1.0213E+02  1.0213E+02  1.0213E+02  1.0213E+02  1.0213E+02  1.0213E+02  1.0213E+02  1.0213E+02  1.0213E+02  1.0213E+02  1.0213E+02  1.0213E+02  1.0213E+02
  47111   4  3.5701E+01  3.5173E+01  3.3210E+01  2.9965E+01  2.6568E+01  2.2459E+01  2.0795E+01  1.9963E+01  1.9686E+01  2.0241E+01  2.1904E+01  2.4538E+01  2.7935E+01  3.0014E+01  3.1678E+01  3.3133E+01  3.3688E+01  3.4243E+01  3.4451E+01  3.4728E+01  3.4658E+01  3.4451E+01  3.3896E+01  3.3064E+01
  52073   7  2.8651E+04  2.8650E+04  2.8648E+04  2.8644E+04  2.8640E+04  2.8634E+04  2.8632E+04  2.8631E+04  2.8631E+04  2.8632E+04  2.8634E+04  2.8637E+04  2.8641E+04  2.8644E+04  2.8646E+04  2.8648E+04  2.8648E+04  2.8649E+04  2.8649E+04  2.8650E+04  2.8650E+04  2.8649E+04  2.8649E+04  2.8648E+04
  52076   3  1.3108E+00  1.3108E+00  1.3108E+00  1.3108E+00  1.3108E+00  1.3108E+00  1.3108E+00  1.3108E+00  1.3108E+00  1.3108E+00  1.3108E+00  1.3108E+00  1.3108E+00  1.3108E+00  1.3108E+00  1.3108E+00  1.3108E+00  1.3108E+00  1.3108E+00  1.3108E+00  1.3108E+00  1.3108E+00  1.3108E+00  1.3108E+00
  58787   3  3.9584E+03  3.8998E+03  3.6822E+03  3.3223E+03  2.9458E+03  2.4901E+03  2.3057E+03  2.2134E+03  2.1827E+03  2.2442E+03  2.4286E+03  2.7207E+03  3.0973E+03  3.3278E+03  3.5123E+03  3.6737E+03  3.7352E+03  3.7967E+03  3.8197E+03  3.8505E+03  3.8428E+03  3.8197E+03  3.7582E+03  3.6660E+03
  53828   3  1.4891E+01  1.4891E+01  1.4891E+01  1.4891E+01  1.4891E+01  1.4891E+01  1.4891E+01  1.4891E+01  1.4891E+01  1.4891E+01  1.4891E+01  1.4891E+01  1.4891E+01  1.4891E+01  1.4891E+01  1.4891E+01  1.4891E+01  1.4891E+01  1.4891E+01  1.4891E+01  1.4891E+01  1.4891E+01  1.4891E+01  1.4891E+01
  59849   4  2.0735E+02  2.0735E+02  2.0735E+02  2.0735E+02  2.0735E+02  2.0735E+02  2.0735E+02  2.0735E+02  2.0735E+02  2.0735E+02  2.0735E+02  2.0735E+02  2.0735E+02  2.0735E+02  2.0735E+02  2.0735E+02  2.0735E+02  2.0735E+02  2.0735E+02  2.0735E+02  2.0735E+02  2.0735E+02  2.0735E+02  2.0735E+02
  46431   4  1.0920E+03  1.0920E+03  1.0920E+03  1.0920E+03  1.0920E+03  1.0920E+03  1.0920E+03  1.0920E+03  1.0920E+03  1.0920E+03  1.0920E+03  1.0920E+03  1.0920E+03  1.0920E+03  1.0920E+03  1.0920E+03  1.0920E+03  1.0920E+03  1.0920E+03  1.0920E+03  1.0920E+03  1.0920E+03  1.0920E+03  1.0920E+03
  46078   4  6.2683E+02  6.2683E+02  6.2683E+02  6.2683E+02  6.2683E+02  6.2683E+02  6.2683E+02  6.2683E+02  6.2683E+02  6.2683E+02  6.2683E+02  6.2683E+02  6.2683E+02  6.2683E+02  6.2683E+02  6.2683E+02  6.2683E+02  6.2683E+02  6.2683E+02  6.2683E+02  6.2683E+02  6.2683E+02  6.2683E+02  6.2683E+02
  47835   4  1.9106E+02  1.9106E+02  1.9106E+02  1.9106E+02  1.3372E+02  1.3372E+02  1.3372E+02  1.3372E+02  1.3372E+02  1.3372E+02  1.3372E+02  1.3372E+02  1.3372E+02  1.9106E+02  1.9106E+02  1.9106E+02  1.9106E+02  1.9106E+02  1.9106E+02  1.9106E+02  1.9106E+02  1.9106E+02  1.9106E+02  1.9106E+02
  45724   4  1.7203E+04  1.7203E+04  1.7203E+04  1.7203E+04  1.7203E+04  1.7203E+04  1.7203E+04  1.7203E+04  1.7203E+04  1.7203E+04  1.7203E+04  1.7203E+04  1.7203E+04  1.7241E+04  1.7241E+04  1.7241E+04  1.7241E+04  1.7241E+04  1.7241E+04  1.7241E+04  1.7241E+04  1.7203E+04  1.7203E+04  1.7203E+04
  46050   3  9.2723E+02  9.2723E+02  9.2723E+02  9.2723E+02  8.5724E+02  8.5724E+02  8.5724E+02  8.5724E+02  8.5724E+02  8.5724E+02  8.5724E+02  8.5724E+02  8.5724E+02  9.3779E+02  9.3779E+02  9.3779E+02  9.3779E+02  9.3779E+02  9.3779E+02  9.3779E+02  9.3779E+02  9.2723E+02  9.2723E+02  9.2723E+02
  46051   4  1.8708E+02  1.8708E+02  1.8708E+02  1.8708E+02  1.8708E+02  1.8708E+02  1.8708E+02  1.8708E+02  1.8708E+02  1.8708E+02  1.8708E+02  1.8708E+02  1.8708E+02  1.8708E+02  1.8708E+02  1.8708E+02  1.8708E+02  1.8708E+02  1.8708E+02  1.8708E+02  1.8708E+02  1.8708E+02  1.8708E+02  1.8708E+02
  55562   3  2.5078E+04  2.5078E+04  2.5078E+04  2.5078E+04  2.5078E+04  2.5078E+04  2.5078E+04  2.5078E+04  2.5078E+04  2.5078E+04  2.5078E+04  2.5078E+04  2.5078E+04  2.5078E+04  2.5078E+04  2.5078E+04  2.5078E+04  2.5078E+04  2.5078E+04  2.5078E+04  2.5078E+04  2.5078E+04  2.5078E+04  2.5078E+04
  59789   4  4.9359E+02  4.9317E+02  4.9243E+02  4.8967E+02  4.8511E+02  3.3465E+02  3.2888E+02  3.2654E+02  3.2537E+02  3.2498E+02  3.2576E+02  3.2810E+02  3.3180E+02  3.3657E+02  5.1534E+02  5.1768E+02  5.1973E+02  5.2051E+02  5.2128E+02  5.2158E+02  5.2197E+02  5.2187E+02  4.9141E+02  4.9063E+02
  57677   4  1.2808E+03  1.2709E+03  1.2536E+03  1.1896E+03  1.0836E+03  9.7275E+02  8.3859E+02  7.8428E+02  7.5712E+02  7.4807E+02  7.6617E+02  8.2048E+02  9.0647E+02  1.0174E+03  1.0922E+03  1.1465E+03  1.1941E+03  1.2122E+03  1.2303E+03  1.2371E+03  1.2461E+03  1.2438E+03  1.2301E+03  1.2120E+03
  73199   4  1.3827E+03  1.3827E+03  1.3827E+03  1.3827E+03  1.3827E+03  1.3827E+03  1.3488E+03  1.3488E+03  1.3488E+03  1.3488E+03  1.3488E+03  1.3488E+03  1.3488E+03  1.3488E+03  1.3983E+03  1.3983E+03  1.3983E+03  1.3983E+03  1.3983E+03  1.3983E+03  1.3983E+03  1.3983E+03  1.3827E+03  1.3827E+03
  71434   7  6.1281E+04  6.0768E+04  5.9870E+04  5.6536E+04  5.1022E+04  4.5230E+04  3.8248E+04  3.5422E+04  3.4008E+04  3.3538E+04  3.4480E+04  3.7306E+04  4.1781E+04  4.7551E+04  5.1106E+04  5.3932E+04  5.6405E+04  5.7347E+04  5.8289E+04  5.8643E+04  5.9114E+04  5.8996E+04  5.8643E+04  5.7700E+04
  72847   4  1.2971E+00  1.2971E+00  1.2971E+00  1.2971E+00  1.2971E+00  1.2971E+00  1.2971E+00  1.2971E+00  1.2971E+00  1.2971E+00  1.2971E+00  1.2971E+00  1.2971E+00  1.2971E+00  1.2971E+00  1.2971E+00  1.2971E+00  1.2971E+00  1.2971E+00  1.2971E+00  1.2971E+00  1.2971E+00  1.2971E+00  1.2971E+00
  73200   3  1.1042E+03  1.1042E+03  1.1042E+03  1.1042E+03  1.1042E+03  1.1042E+03  1.1042E+03  1.1042E+03  1.1042E+03  1.1042E+03  1.1042E+03  1.1042E+03  1.1042E+03  1.1042E+03  1.1042E+03  1.1042E+03  1.1042E+03  1.1042E+03  1.1042E+03  1.1042E+03  1.1042E+03  1.1042E+03  1.1042E+03  1.1042E+03
  72845   3  1.5731E+00  1.5731E+00  1.5731E+00  1.5731E+00  1.5731E+00  1.5731E+00  1.5731E+00  1.5731E+00  1.5731E+00  1.5731E+00  1.5731E+00  1.5731E+00  1.5731E+00  1.5731E+00  1.5731E+00  1.5731E+00  1.5731E+00  1.5731E+00  1.5731E+00  1.5731E+00  1.5731E+00  1.5731E+00  1.5731E+00  1.5731E+00
  72139   7  1.1797E+01  1.1797E+01  1.1797E+01  1.1797E+01  1.1797E+01  1.1797E+01  1.1797E+01  1.1797E+01  1.1797E+01  1.1797E+01  1.1797E+01  1.1797E+01  1.1797E+01  1.1797E+01  1.1797E+01  1.1797E+01  1.1797E+01  1.1797E+01  1.1797E+01  1.1797E+01  1.1797E+01  1.1797E+01  1.1797E+01  1.1797E+01
  46793   3  3.5760E+01  3.5231E+01  3.3265E+01  3.0014E+01  2.6612E+01  2.2496E+01  2.0829E+01  1.9996E+01  1.9718E+01  2.0274E+01  2.1940E+01  2.4579E+01  2.7981E+01  3.0064E+01  3.1730E+01  3.3188E+01  3.3744E+01  3.4299E+01  3.4507E+01  3.4785E+01  3.4715E+01  3.4507E+01  3.3952E+01  3.3119E+01
  46089   3  1.1797E+01  1.1797E+01  1.1797E+01  1.1797E+01  1.1797E+01  1.1797E+01  1.1797E+01  1.1797E+01  1.1797E+01  1.1797E+01  1.1797E+01  1.1797E+01  1.1797E+01  1.1797E+01  1.1797E+01  1.1797E+01  1.1797E+01  1.1797E+01  1.1797E+01  1.1797E+01  1.1797E+01  1.1797E+01  1.1797E+01  1.1797E+01
  47851   2  7.9103E+02  7.9103E+02  7.9103E+02  7.9103E+02  7.9103E+02  7.9103E+02  7.9103E+02  7.9103E+02  7.9103E+02  7.9103E+02  7.9103E+02  7.9103E+02  7.9103E+02  7.9103E+02  7.9103E+02  7.9103E+02  7.9103E+02  7.9103E+02  7.9103E+02  7.9103E+02  7.9103E+02  7.9103E+02  7.9103E+02  7.9103E+02
  47493   2  1.2809E+03  1.2809E+03  1.2809E+03  1.2809E+03  1.2809E+03  1.2809E+03  1.2809E+03  1.2809E+03  1.2809E+03  1.2809E+03  1.2809E+03  1.2809E+03  1.2809E+03  1.2809E+03  1.2809E+03  1.2809E+03  1.2809E+03  1.2809E+03  1.2809E+03  1.2809E+03  1.2809E+03  1.2809E+03  1.2809E+03  1.2809E+03
  47141   2  2.0774E-02  2.0774E-02  2.0774E-02  2.0774E-02  2.0774E-02  2.0774E-02  2.0774E-02  2.0774E-02  2.0774E-02  2.0774E-02  2.0774E-02  2.0774E-02  2.0774E-02  2.0774E-02  2.0774E-02  2.0774E-02  2.0774E-02  2.0774E-02  2.0774E-02  2.0774E-02  2.0774E-02  2.0774E-02  2.0774E-02  2.0774E-02
  47142   6  1.6668E+02  1.6668E+02  1.6668E+02  1.6668E+02  1.6668E+02  1.6668E+02  1.6668E+02  1.6668E+02  1.6668E+02  1.6668E+02  1.6668E+02  1.6668E+02  1.6668E+02  1.6668E+02  1.6668E+02  1.6668E+02  1.6668E+02  1.6668E+02  1.6668E+02  1.6668E+02  1.6668E+02  1.6668E+02  1.6668E+02  1.6668E+02
  47494   6  1.1533E+01  1.1533E+01  1.1533E+01  1.1533E+01  1.1533E+01  1.1533E+01  1.1533E+01  1.1533E+01  1.1533E+01  1.1533E+01  1.1533E+01  1.1533E+01  1.1533E+01  1.1533E+01  1.1533E+01  1.1533E+01  1.1533E+01  1.1533E+01  1.1533E+01  1.1533E+01  1.1533E+01  1.1533E+01  1.1533E+01  1.1533E+01
  46790   5  9.6405E+01  9.6405E+01  9.6405E+01  9.6405E+01  9.6405E+01  9.6405E+01  9.6405E+01  9.6405E+01  9.6405E+01  9.6405E+01  9.6405E+01  9.6405E+01  9.6405E+01  9.6405E+01  9.6405E+01  9.6405E+01  9.6405E+01  9.6405E+01  9.6405E+01  9.6405E+01  9.6405E+01  9.6405E+01  9.6405E+01  9.6405E+01
  47143   3  1.1459E+02  1.1459E+02  1.1459E+02  1.1459E+02  1.1459E+02  1.1459E+02  1.1459E+02  1.1459E+02  1.1459E+02  1.1459E+02  1.1459E+02  1.1459E+02  1.1459E+02  1.4134E+02  1.4134E+02  1.4134E+02  1.4134E+02  1.4134E+02  1.4134E+02  1.4134E+02  1.4134E+02  1.1459E+02  1.1459E+02  1.1459E+02
  46792   3  2.9201E+04  2.9201E+04  2.9201E+04  2.9201E+04  2.9201E+04  2.9201E+04  2.9201E+04  2.9201E+04  2.9201E+04  2.9201E+04  2.9201E+04  2.9201E+04  2.9201E+04  2.9201E+04  2.9201E+04  2.9201E+04  2.9201E+04  2.9201E+04  2.9201E+04  2.9201E+04  2.9201E+04  2.9201E+04  2.9201E+04  2.9201E+04
  46791   4  7.4604E+03  7.4389E+03  7.3591E+03  7.2270E+03  7.0889E+03  6.9216E+03  6.8540E+03  6.8202E+03  6.8089E+03  6.8314E+03  6.8991E+03  7.0063E+03  7.1444E+03  7.3059E+03  7.3736E+03  7.4328E+03  7.4553E+03  7.4779E+03  7.4864E+03  7.4977E+03  7.4948E+03  7.4095E+03  7.3870E+03  7.3531E+03
  47147   3  1.3577E+02  1.3577E+02  1.3577E+02  1.3577E+02  1.3577E+02  1.3577E+02  1.3577E+02  1.3577E+02  1.3577E+02  1.3577E+02  1.3577E+02  1.3577E+02  1.3577E+02  1.3577E+02  1.3577E+02  1.3577E+02  1.3577E+02  1.3577E+02  1.3577E+02  1.3577E+02  1.3577E+02  1.3577E+02  1.3577E+02  1.3577E+02
  47848   4  1.9185E+02  1.9185E+02  1.9185E+02  1.9185E+02  1.9185E+02  1.9185E+02  1.9185E+02  1.9185E+02  1.9185E+02  1.9185E+02  1.9185E+02  1.9185E+02  1.9185E+02  1.9185E+02  1.9185E+02  1.9185E+02  1.9185E+02  1.9185E+02  1.9185E+02  1.9185E+02  1.9185E+02  1.9185E+02  1.9185E+02  1.9185E+02
  47144   1  6.0999E+03  6.0999E+03  6.0999E+03  6.0999E+03  6.0999E+03  6.0999E+03  6.0999E+03  6.0999E+03  6.0999E+03  6.0999E+03  6.0999E+03  6.0999E+03  6.0999E+03  6.1090E+03  6.1117E+03  6.1117E+03  6.1117E+03  6.1117E+03  6.1117E+03  6.1117E+03  6.1090E+03  6.0999E+03  6.0999E+03  6.0999E+03
  46789   2  3.8164E+02  3.8164E+02  3.8164E+02  3.8164E+02  3.8164E+02  3.8164E+02  3.8164E+02  3.8164E+02  3.8164E+02  3.8164E+02  3.8164E+02  3.8164E+02  3.8164E+02  3.8164E+02  3.8164E+02  3.8164E+02  3.8164E+02  3.8164E+02  3.8164E+02  3.8164E+02  3.8164E+02  3.8164E+02  3.8164E+02  3.8164E+02
  46436   1  1.3108E+00  1.3108E+00  1.3108E+00  1.3108E+00  1.3108E+00  1.3108E+00  1.3108E+00  1.3108E+00  1.3108E+00  1.3108E+00  1.3108E+00  1.3108E+00  1.3108E+00  1.3108E+00  1.3108E+00  1.3108E+00  1.3108E+00  1.3108E+00  1.3108E+00  1.3108E+00  1.3108E+00  1.3108E+00  1.3108E+00  1.3108E+00
  71755   1  2.9042E+00  2.9042E+00  2.9042E+00  2.9042E+00  2.9042E+00  2.9042E+00  2.9042E+00  2.9042E+00  2.9042E+00  2.9042E+00  2.9042E+00  2.9042E+00  2.9042E+00  2.9042E+00  2.9042E+00  2.9042E+00  2.9042E+00  2.9042E+00  2.9042E+00  2.9042E+00  2.9042E+00  2.9042E+00  2.9042E+00  2.9042E+00
  61152   2  4.5793E+00  4.5793E+00  4.5793E+00  4.5793E+00  4.5793E+00  4.5793E+00  4.5793E+00  4.5793E+00  4.5793E+00  4.5793E+00  4.5793E+00  4.5793E+00  4.5793E+00  4.5793E+00  4.5793E+00  4.5793E+00  4.5793E+00  4.5793E+00  4.5793E+00  4.5793E+00  4.5793E+00  4.5793E+00  4.5793E+00  4.5793E+00
  66103   2  7.6609E-01  7.6609E-01  7.6609E-01  7.6609E-01  7.6609E-01  7.6609E-01  7.6609E-01  7.6609E-01  7.6609E-01  7.6609E-01  7.6609E-01  7.6609E-01  7.6609E-01  7.6609E-01  7.6609E-01  7.6609E-01  7.6609E-01  7.6609E-01  7.6609E-01  7.6609E-01  7.6609E-01  7.6609E-01  7.6609E-01  7.6609E-01
  57265   2  1.0690E+04  1.0619E+04  1.0493E+04  1.0028E+04  9.2582E+03  8.4526E+03  5.3261E+03  4.9316E+03  4.7343E+03  4.6685E+03  4.8001E+03  5.1946E+03  5.8193E+03  6.6247E+03  9.3342E+03  9.7287E+03  1.0074E+04  1.0205E+04  1.0337E+04  1.0386E+04  1.0452E+04  1.0436E+04  1.0322E+04  1.0190E+04
  62209   2  6.1802E+02  6.1802E+02  6.1802E+02  6.1802E+02  6.1802E+02  6.1802E+02  6.1802E+02  6.1802E+02  6.1802E+02  6.1802E+02  6.1802E+02  6.1802E+02  6.1802E+02  6.1802E+02  6.1802E+02  6.1802E+02  6.1802E+02  6.1802E+02  6.1802E+02  6.1802E+02  6.1802E+02  6.1802E+02  6.1802E+02  6.1802E+02
  62560   2  2.2207E+03  2.2207E+03  2.2207E+03  2.2207E+03  2.2207E+03  1.5651E+03  1.5651E+03  1.5651E+03  1.5651E+03  1.5651E+03  1.5651E+03  1.5651E+03  1.5651E+03  1.5651E+03  2.2338E+03  2.2338E+03  2.2338E+03  2.2338E+03  2.2338E+03  2.2338E+03  2.2338E+03  2.2338E+03  2.2207E+03  2.2207E+03
  62906   2  2.8545E+02  2.8306E+02  2.7887E+02  2.6331E+02  2.3758E+02  2.1065E+02  1.7807E+02  1.6488E+02  1.5828E+02  1.5608E+02  1.6048E+02  1.7367E+02  1.9455E+02  2.2148E+02  2.3797E+02  2.5116E+02  2.6270E+02  2.6710E+02  2.7149E+02  2.7314E+02  2.7534E+02  2.7479E+02  2.7314E+02  2.6875E+02
  62201   1  1.1797E+01  1.1797E+01  1.1797E+01  1.1797E+01  1.1797E+01  1.1797E+01  1.1797E+01  1.1797E+01  1.1797E+01  1.1797E+01  1.1797E+01  1.1797E+01  1.1797E+01  1.1797E+01  1.1797E+01  1.1797E+01  1.1797E+01  1.1797E+01  1.1797E+01  1.1797E+01  1.1797E+01  1.1797E+01  1.1797E+01  1.1797E+01
  53397   2  9.6694E+02  9.6694E+02  9.6694E+02  9.6694E+02  9.6694E+02  9.6694E+02  9.6694E+02  9.6694E+02  9.6694E+02  9.6694E+02  9.6694E+02  9.6694E+02  9.6694E+02  9.6694E+02  9.6694E+02  9.6694E+02  9.6694E+02  9.6694E+02  9.6694E+02  9.6694E+02  9.6694E+02  9.6694E+02  9.6694E+02  9.6694E+02
  72093   2  6.0504E-01  6.0504E-01  6.0504E-01  6.0504E-01  6.0504E-01  6.0504E-01  6.0504E-01  6.0504E-01  6.0504E-01  6.0504E-01  6.0504E-01  6.0504E-01  6.0504E-01  6.0504E-01  6.0504E-01  6.0504E-01  6.0504E-01  6.0504E-01  6.0504E-01  6.0504E-01  6.0504E-01  6.0504E-01  6.0504E-01  6.0504E-01
  66425   2  2.0057E+03  1.9760E+03  1.8658E+03  1.6834E+03  1.4926E+03  1.2617E+03  1.1683E+03  1.1215E+03  1.1060E+03  1.1371E+03  1.2306E+03  1.3786E+03  1.5694E+03  1.6862E+03  1.7797E+03  1.8614E+03  1.8926E+03  1.9237E+03  1.9354E+03  1.9510E+03  1.9471E+03  1.9354E+03  1.9043E+03  1.8575E+03
  32698   7  9.4645E+02  9.4645E+02  9.4645E+02  9.4645E+02  9.4645E+02  9.4645E+02  9.4645E+02  9.4645E+02  9.4645E+02  9.4645E+02  9.4645E+02  9.4645E+02  9.4645E+02  9.4645E+02  9.4645E+02  9.4645E+02  9.4645E+02  9.4645E+02  9.4645E+02  9.4645E+02  9.4645E+02  9.4645E+02  9.4645E+02  9.4645E+02
  46097   3  4.8776E+00  4.8776E+00  4.8776E+00  4.8776E+00  4.8776E+00  4.8776E+00  4.8776E+00  4.8776E+00  4.8776E+00  4.8776E+00  4.8776E+00  4.8776E+00  4.8776E+00  4.8776E+00  4.8776E+00  4.8776E+00  4.8776E+00  4.8776E+00  4.8776E+00  4.8776E+00  4.8776E+00  4.8776E+00  4.8776E+00  4.8776E+00
  32346   3  2.6787E+04  2.6787E+04  2.6787E+04  2.6787E+04  2.6787E+04  2.6787E+04  2.6787E+04  2.6787E+04  2.6787E+04  2.6787E+04  2.6787E+04  2.6787E+04  2.6787E+04  2.6808E+04  2.6808E+04  2.6808E+04  2.6808E+04  2.6808E+04  2.6808E+04  2.6808E+04  2.6808E+04  2.6787E+04  2.6787E+04  2.6787E+04
  33394   3  1.1521E+04  1.1521E+04  1.1521E+04  1.1521E+04  1.1521E+04  1.1521E+04  1.1521E+04  1.1521E+04  1.1521E+04  1.1521E+04  1.1521E+04  1.1521E+04  1.1521E+04  1.1521E+04  1.1521E+04  1.1521E+04  1.1521E+04  1.1521E+04  1.1521E+04  1.1521E+04  1.1521E+04  1.1521E+04  1.1521E+04  1.1521E+04
  47881   2  3.7011E+03  3.7011E+03  3.7011E+03  3.7011E+03  3.7011E+03  3.7011E+03  3.7011E+03  3.7011E+03  3.7011E+03  3.7011E+03  3.7011E+03  3.7011E+03  3.7011E+03  3.7011E+03  3.7011E+03  3.7011E+03  3.7011E+03  3.7011E+03  3.7011E+03  3.7011E+03  3.7011E+03  3.7011E+03  3.7011E+03  3.7011E+03
  54565   2  1.1371E+03  1.1371E+03  1.1371E+03  1.1371E+03  1.1371E+03  1.1371E+03  1.1371E+03  1.1371E+03  1.1371E+03  1.1371E+03  1.1371E+03  1.1371E+03  1.1371E+03  1.1371E+03  1.1371E+03  1.1371E+03  1.1371E+03  1.1371E+03  1.1371E+03  1.1371E+03  1.1371E+03  1.1371E+03  1.1371E+03  1.1371E+03
  48578   2  8.2901E+03  8.2901E+03  8.2901E+03  8.2901E+03  8.2901E+03  8.2901E+03  8.2901E+03  8.2901E+03  8.2901E+03  8.2901E+03  8.2901E+03  8.2901E+03  8.2901E+03  8.2901E+03  8.2901E+03  8.2901E+03  8.2901E+03  8.2901E+03  8.2901E+03  8.2901E+03  8.2901E+03  8.2901E+03  8.2901E+03  8.2901E+03
  48226   2  1.3927E+02  1.3927E+02  1.3927E+02  1.3927E+02  1.3927E+02  1.3927E+02  1.3927E+02  1.3927E+02  1.3927E+02  1.3927E+02  1.3927E+02  1.3927E+02  1.3927E+02  1.3927E+02  1.3927E+02  1.3927E+02  1.3927E+02  1.3927E+02  1.3927E+02  1.3927E+02  1.3927E+02  1.3927E+02  1.3927E+02  1.3927E+02
  48227   2  5.5558E+02  5.4768E+02  5.1832E+02  4.6978E+02  4.1897E+02  3.5749E+02  3.3261E+02  3.2017E+02  3.1602E+02  3.2432E+02  3.4920E+02  3.8860E+02  4.3941E+02  4.7051E+02  4.9540E+02  5.1717E+02  5.2547E+02  5.3376E+02  5.3687E+02  5.4102E+02  5.3998E+02  5.3687E+02  5.2858E+02  5.1613E+02
  46818   2  2.3476E+01  2.3476E+01  2.3476E+01  2.3476E+01  2.3476E+01  2.3476E+01  2.3476E+01  2.3476E+01  2.3476E+01  2.3476E+01  2.3476E+01  2.3476E+01  2.3476E+01  2.3476E+01  2.3476E+01  2.3476E+01  2.3476E+01  2.3476E+01  2.3476E+01  2.3476E+01  2.3476E+01  2.3476E+01  2.3476E+01  2.3476E+01
  38332   2  1.1797E+01  1.1797E+01  1.1797E+01  1.1797E+01  1.1797E+01  1.1797E+01  1.1797E+01  1.1797E+01  1.1797E+01  1.1797E+01  1.1797E+01  1.1797E+01  1.1797E+01  1.1797E+01  1.1797E+01  1.1797E+01  1.1797E+01  1.1797E+01  1.1797E+01  1.1797E+01  1.1797E+01  1.1797E+01  1.1797E+01  1.1797E+01
  35158   4  1.2013E+04  1.2013E+04  1.2013E+04  1.2013E+04  1.2013E+04  1.2013E+04  1.2013E+04  1.2013E+04  1.2013E+04  1.2013E+04  1.2013E+04  1.2013E+04  1.2013E+04  1.2013E+04  1.2013E+04  1.2013E+04  1.2013E+04  1.2013E+04  1.2013E+04  1.2013E+04  1.2013E+04  1.2013E+04  1.2013E+04  1.2013E+04
  30178   3  1.5849E+03  1.5849E+03  1.5849E+03  1.5849E+03  1.5849E+03  4.9130E+02  4.9130E+02  4.9130E+02  4.9130E+02  4.9130E+02  4.9130E+02  4.9130E+02  4.9130E+02  9.2846E+03  9.2846E+03  9.2846E+03  9.2846E+03  9.2846E+03  9.2846E+03  9.2846E+03  9.2846E+03  1.5849E+03  1.5849E+03  1.5849E+03
  30529   4  2.7535E+02  2.7535E+02  2.7535E+02  2.7535E+02  2.7535E+02  1.6180E+02  1.6180E+02  1.6180E+02  1.6180E+02  1.6180E+02  1.6180E+02  1.6180E+02  1.6180E+02  2.7535E+02  2.7535E+02  2.7535E+02  2.7535E+02  2.7535E+02  2.7535E+02  2.7535E+02  2.7535E+02  2.7535E+02  2.7535E+02  2.7535E+02
  31942   4  1.8777E-01  1.8777E-01  1.8777E-01  1.8777E-01  1.8777E-01  1.8777E-01  1.8777E-01  1.8777E-01  1.8777E-01  1.8777E-01  1.8777E-01  1.8777E-01  1.8777E-01  1.8777E-01  1.8777E-01  1.8777E-01  1.8777E-01  1.8777E-01  1.8777E-01  1.8777E-01  1.8777E-01  1.8777E-01  1.8777E-01  1.8777E-01
  30884   4  3.4386E-01  3.4386E-01  3.4386E-01  3.4386E-01  3.4386E-01  3.4386E-01  3.4386E-01  3.4386E-01  3.4386E-01  3.4386E-01  3.4386E-01  3.4386E-01  3.4386E-01  3.4386E-01  3.4386E-01  3.4386E-01  3.4386E-01  3.4386E-01  3.4386E-01  3.4386E-01  3.4386E-01  3.4386E-01  3.4386E-01  3.4386E-01
  44188   3  6.0205E+01  5.8727E+01  5.8235E+01  5.7373E+01  5.4172E+01  4.8878E+01  4.3338E+01  3.6634E+01  3.3920E+01  3.2563E+01  3.2111E+01  3.3016E+01  3.5729E+01  4.0026E+01  4.5566E+01  4.8958E+01  5.1672E+01  5.4046E+01  5.4951E+01  5.5855E+01  5.6195E+01  5.6647E+01  5.6534E+01  5.6195E+01
  44899   7  4.6283E+03  4.5147E+03  4.4768E+03  4.4106E+03  4.1645E+03  3.7575E+03  3.3316E+03  2.8163E+03  2.6076E+03  2.5033E+03  2.4686E+03  2.5381E+03  2.7467E+03  3.0770E+03  3.5029E+03  3.7637E+03  3.9723E+03  4.1548E+03  4.2244E+03  4.2939E+03  4.3200E+03  4.3547E+03  4.3460E+03  4.3200E+03
  41032   7  1.1415E+04  1.1134E+04  1.1041E+04  1.0878E+04  1.0271E+04  9.2671E+03  8.2166E+03  6.9457E+03  6.4311E+03  6.1739E+03  6.0881E+03  6.2596E+03  6.7742E+03  7.5888E+03  8.6392E+03  9.2823E+03  9.7968E+03  1.0247E+04  1.0418E+04  1.0590E+04  1.0654E+04  1.0740E+04  1.0719E+04  1.0654E+04
  41027   4  7.5291E+01  7.5291E+01  7.5291E+01  7.5291E+01  7.5291E+01  7.5291E+01  7.5291E+01  3.9014E-01  3.9014E-01  3.9014E-01  3.9014E-01  3.9014E-01  3.9014E-01  3.9014E-01  3.9014E-01  7.5291E+01  7.5291E+01  7.5291E+01  7.5291E+01  7.5291E+01  7.5291E+01  7.5291E+01  7.5291E+01  7.5291E+01
  37153   3  5.4004E-01  5.2678E-01  5.2237E-01  5.1464E-01  4.8592E-01  4.3843E-01  3.8874E-01  3.2861E-01  3.0427E-01  2.9209E-01  2.8804E-01  2.9615E-01  3.2049E-01  3.5903E-01  4.0873E-01  4.3916E-01  4.6350E-01  4.8480E-01  4.9291E-01  5.0102E-01  5.0406E-01  5.0812E-01  5.0711E-01  5.0406E-01
  22551   3  2.7778E+04  2.7544E+04  2.6676E+04  2.5240E+04  2.3738E+04  2.1919E+04  2.1184E+04  2.0816E+04  2.0693E+04  2.0938E+04  2.1674E+04  2.2839E+04  2.4342E+04  2.5262E+04  2.5998E+04  2.6642E+04  2.6887E+04  2.7132E+04  2.7224E+04  2.7347E+04  2.7316E+04  2.7224E+04  2.6979E+04  2.6611E+04
  16894   7  6.5355E+04  6.5355E+04  6.5355E+04  6.5355E+04  6.5355E+04  6.5355E+04  6.5355E+04  6.5355E+04  6.5355E+04  6.5355E+04  6.5355E+04  6.5355E+04  6.5355E+04  6.5355E+04  6.5355E+04  6.5355E+04  6.5355E+04  6.5355E+04  6.5355E+04  6.5355E+04  6.5355E+04  6.5355E+04  6.5355E+04  6.5355E+04
  18513   4  4.1903E-01  4.1903E-01  4.1903E-01  4.1903E-01  4.1903E-01  4.1903E-01  4.1903E-01  4.1903E-01  4.1903E-01  4.1903E-01  4.1903E-01  4.1903E-01  4.1903E-01  4.1903E-01  4.1903E-01  4.1903E-01  4.1903E-01  4.1903E-01  4.1903E-01  4.1903E-01  4.1903E-01  4.1903E-01  4.1903E-01  4.1903E-01
  18505   3  1.3945E+05  1.3738E+05  1.2972E+05  1.1704E+05  1.0377E+05  8.7722E+04  8.1224E+04  7.7975E+04  7.6893E+04  7.9059E+04  8.5556E+04  9.5844E+04  1.0911E+05  1.1723E+05  1.2373E+05  1.2942E+05  1.3159E+05  1.3375E+05  1.3456E+05  1.3564E+05  1.3537E+05  1.3456E+05  1.3240E+05  1.2914E+05
   6979   4  4.3937E+02  4.3937E+02  4.3937E+02  4.3937E+02  4.3937E+02  4.3937E+02  4.3937E+02  4.3937E+02  4.3937E+02  4.3937E+02  4.3937E+02  4.3937E+02  4.3937E+02  4.3937E+02  4.3937E+02  4.3937E+02  4.3937E+02  4.3937E+02  4.3937E+02  4.3937E+02  4.3937E+02  4.3937E+02  4.3937E+02  4.3937E+02
   9108   3  6.8055E+02  6.8055E+02  6.8055E+02  6.8055E+02  6.8055E+02  1.2962E+02  1.2962E+02  1.2962E+02  1.2962E+02  1.2962E+02  1.2962E+02  1.2962E+02  1.2962E+02  6.8055E+02  6.8055E+02  6.8055E+02  6.8055E+02  6.8055E+02  6.8055E+02  6.8055E+02  6.8055E+02  6.8055E+02  6.8055E+02  6.8055E+02
  13341   4  1.7864E+01  1.7864E+01  1.7864E+01  1.7864E+01  1.7864E+01  1.7864E+01  1.7864E+01  1.7864E+01  1.7864E+01  1.7864E+01  1.7864E+01  1.7864E+01  1.7864E+01  1.7864E+01  1.7864E+01  1.7864E+01  1.7864E+01  1.7864E+01  1.7864E+01  1.7864E+01  1.7864E+01  1.7864E+01  1.7864E+01  1.7864E+01
   9455   2  7.4773E+02  7.4773E+02  7.4773E+02  7.4773E+02  7.4773E+02  7.4773E+02  7.4773E+02  7.4773E+02  7.4773E+02  7.4773E+02  7.4773E+02  7.4773E+02  7.4773E+02  7.4773E+02  7.4773E+02  7.4773E+02  7.4773E+02  7.4773E+02  7.4773E+02  7.4773E+02  7.4773E+02  7.4773E+02  7.4773E+02  7.4773E+02
  11927   3  4.9605E-01  4.9605E-01  4.9605E-01  4.9605E-01  4.9605E-01  4.9605E-01  4.9605E-01  4.9605E-01  4.9605E-01  4.9605E-01  4.9605E-01  4.9605E-01  4.9605E-01  4.9605E-01  4.9605E-01  4.9605E-01  4.9605E-01  4.9605E-01  4.9605E-01  4.9605E-01  4.9605E-01  4.9605E-01  4.9605E-01  4.9605E-01
  12279   3  2.9779E+00  2.9779E+00  2.9779E+00  2.9779E+00  2.9779E+00  2.9779E+00  2.9779E+00  2.9779E+00  2.9779E+00  2.9779E+00  2.9779E+00  2.9779E+00  2.9779E+00  2.9779E+00  2.9779E+00  2.9779E+00  2.9779E+00  2.9779E+00  2.9779E+00  2.9779E+00  2.9779E+00  2.9779E+00  2.9779E+00  2.9779E+00
  12635   3  4.9605E-01  4.9605E-01  4.9605E-01  4.9605E-01  4.9605E-01  4.9605E-01  4.9605E-01  4.9605E-01  4.9605E-01  4.9605E-01  4.9605E-01  4.9605E-01  4.9605E-01  4.9605E-01  4.9605E-01  4.9605E-01  4.9605E-01  4.9605E-01  4.9605E-01  4.9605E-01  4.9605E-01  4.9605E-01  4.9605E-01  4.9605E-01
  12636   4  2.9779E+00  2.9779E+00  2.9779E+00  2.9779E+00  2.9779E+00  2.9779E+00  2.9779E+00  2.9779E+00  2.9779E+00  2.9779E+00  2.9779E+00  2.9779E+00  2.9779E+00  2.9779E+00  2.9779E+00  2.9779E+00  2.9779E+00  2.9779E+00  2.9779E+00  2.9779E+00  2.9779E+00  2.9779E+00  2.9779E+00  2.9779E+00
  14046   4  1.4476E+02  1.4476E+02  1.4476E+02  1.4476E+02  1.4476E+02  1.4476E+02  1.4476E+02  1.4476E+02  1.4476E+02  1.4476E+02  1.4476E+02  1.4476E+02  1.4476E+02  1.4476E+02  1.4476E+02  1.4476E+02  1.4476E+02  1.4476E+02  1.4476E+02  1.4476E+02  1.4476E+02  1.4476E+02  1.4476E+02  1.4476E+02
  14047   3  3.3809E+03  3.3809E+03  3.3809E+03  3.3809E+03  3.3809E+03  3.3809E+03  3.3809E+03  3.3809E+03  3.3809E+03  3.3809E+03  3.3809E+03  3.3809E+03  3.3809E+03  3.3809E+03  3.3809E+03  3.3809E+03  3.3809E+03  3.3809E+03  3.3809E+03  3.3809E+03  3.3809E+03  3.3809E+03  3.3809E+03  3.3809E+03
   1352   4  5.5146E+01  5.5146E+01  5.5146E+01  5.5146E+01  5.5146E+01  5.5146E+01  5.5146E+01  5.5146E+01  5.5146E+01  5.5146E+01  5.5146E+01  5.5146E+01  5.5146E+01  5.5146E+01  5.5146E+01  5.5146E+01  5.5146E+01  5.5146E+01  5.5146E+01  5.5146E+01  5.5146E+01  5.5146E+01  5.5146E+01  5.5146E+01
   9106   4  6.4074E+01  6.4074E+01  6.4074E+01  6.4074E+01  6.4074E+01  6.4074E+01  6.4074E+01  6.4074E+01  6.4074E+01  6.4074E+01  6.4074E+01  6.4074E+01  6.4074E+01  6.4074E+01  6.4074E+01  6.4074E+01  6.4074E+01  6.4074E+01  6.4074E+01  6.4074E+01  6.4074E+01  6.4074E+01  6.4074E+01  6.4074E+01
  19977   3  1.3825E+03  1.3824E+03  1.3824E+03  1.3822E+03  1.3821E+03  9.1922E+02  9.1916E+02  9.1912E+02  9.1911E+02  9.1914E+02  9.1920E+02  9.1930E+02  9.1968E+02  2.0481E+03  2.0482E+03  2.0483E+03  2.0483E+03  2.0483E+03  2.0483E+03  2.0483E+03  2.0483E+03  1.3824E+03  1.3824E+03  1.3823E+03
  20329   3  2.8112E+03  2.8112E+03  2.8112E+03  2.8112E+03  2.8112E+03  1.8742E+03  1.8742E+03  1.8742E+03  1.8742E+03  1.8742E+03  1.8742E+03  1.8742E+03  1.8742E+03  3.3470E+03  3.3470E+03  3.3470E+03  3.3470E+03  3.3470E+03  3.3470E+03  3.3470E+03  3.3470E+03  2.8112E+03  2.8112E+03  2.8112E+03
  20330   3  1.3283E+03  1.3283E+03  1.3283E+03  1.3283E+03  1.3283E+03  1.1459E+03  1.1459E+03  1.1459E+03  1.1459E+03  1.1459E+03  1.1459E+03  1.1459E+03  1.1464E+03  2.1134E+03  2.1134E+03  2.1134E+03  2.1134E+03  2.1134E+03  2.1134E+03  2.1134E+03  2.1134E+03  1.3283E+03  1.3283E+03  1.3283E+03
  19976   3  1.0301E+03  1.0301E+03  1.0301E+03  1.0301E+03  1.0301E+03  9.9797E+02  9.9797E+02  9.9797E+02  9.9797E+02  9.9797E+02  9.9797E+02  9.9797E+02  9.9797E+02  1.1014E+03  1.1014E+03  1.1014E+03  1.1014E+03  1.1014E+03  1.1014E+03  1.1014E+03  1.1014E+03  1.0301E+03  1.0301E+03  1.0301E+03
  19624   4  7.5013E+01  7.5013E+01  7.5013E+01  7.5013E+01  7.5013E+01  4.8742E+01  4.8742E+01  4.8742E+01  4.8742E+01  4.8742E+01  4.8742E+01  4.8742E+01  4.8742E+01  2.1269E+02  2.1269E+02  2.1269E+02  2.1269E+02  2.1269E+02  2.1269E+02  2.1269E+02  2.1269E+02  7.5013E+01  7.5013E+01  7.5013E+01
  19271   4  3.5597E+02  3.5597E+02  3.5597E+02  3.5597E+02  3.5597E+02  3.5597E+02  3.5597E+02  3.5597E+02  3.5597E+02  3.5597E+02  3.5597E+02  3.5597E+02  3.5597E+02  3.5597E+02  3.5597E+02  3.5597E+02  3.5597E+02  3.5597E+02  3.5597E+02  3.5597E+02  3.5597E+02  3.5597E+02  3.5597E+02  3.5597E+02
  19272   3  5.7048E+02  5.7048E+02  5.7048E+02  5.7048E+02  5.7048E+02  5.7048E+02  5.7048E+02  5.7048E+02  5.7048E+02  5.7048E+02  5.7048E+02  5.7048E+02  5.7048E+02  6.3039E+02  6.3039E+02  6.3039E+02  6.3039E+02  6.3039E+02  6.3039E+02  6.3039E+02  6.3039E+02  5.7048E+02  5.7048E+02  5.7048E+02
  19622   3  1.6339E-01  1.6339E-01  1.6339E-01  1.6339E-01  1.6339E-01  1.6339E-01  1.6339E-01  1.6339E-01  1.6339E-01  1.6339E-01  1.6339E-01  1.6339E-01  1.6339E-01  1.4726E+01  1.4726E+01  1.4726E+01  1.4726E+01  1.4726E+01  1.4726E+01  1.4726E+01  1.4726E+01  1.6339E-01  1.6339E-01  1.6339E-01
  19978   4  5.4098E+02  5.4098E+02  5.4098E+02  5.4098E+02  5.4098E+02  2.3041E+02  2.3041E+02  2.3041E+02  2.3041E+02  2.3041E+02  2.3041E+02  2.3041E+02  2.3041E+02  6.7014E+02  6.7014E+02  6.7014E+02  6.7014E+02  6.7014E+02  6.7014E+02  6.7014E+02  6.7014E+02  5.4098E+02  5.4098E+02  5.4098E+02
  19625   5  1.6310E+03  1.6310E+03  1.6310E+03  1.6310E+03  1.6310E+03  2.9939E+02  2.9939E+02  2.9939E+02  2.9939E+02  2.9939E+02  2.9939E+02  2.9939E+02  1.6169E+03  1.9647E+03  1.9647E+03  1.9647E+03  1.9647E+03  1.9647E+03  1.9647E+03  1.9647E+03  1.9647E+03  1.6310E+03  1.6310E+03  1.6310E+03
  19626   3  7.9372E+02  7.9372E+02  7.9372E+02  7.9372E+02  7.9372E+02  7.9315E+02  7.9315E+02  7.9315E+02  7.9315E+02  7.9315E+02  7.9315E+02  7.9315E+02  7.9315E+02  8.0361E+02  8.0361E+02  8.0361E+02  8.0361E+02  8.0361E+02  8.0361E+02  8.0361E+02  8.0361E+02  7.9372E+02  7.9372E+02  7.9372E+02
  19270   3  6.4164E+01  6.4164E+01  6.4164E+01  6.4164E+01  6.4164E+01  6.4164E+01  6.4164E+01  6.4164E+01  6.4164E+01  6.4164E+01  6.4164E+01  6.4164E+01  6.4164E+01  4.1277E+02  4.1277E+02  4.1277E+02  4.1277E+02  4.1277E+02  4.1277E+02  4.1277E+02  4.1277E+02  6.4164E+01  6.4164E+01  6.4164E+01
  19623   4  1.2907E+01  1.2907E+01  1.2907E+01  1.2907E+01  1.2907E+01  1.2907E+01  1.2907E+01  1.2907E+01  1.2907E+01  1.2907E+01  1.2907E+01  1.2907E+01  1.2907E+01  1.3746E+02  1.3746E+02  1.3746E+02  1.3746E+02  1.3746E+02  1.3746E+02  1.3746E+02  1.3746E+02  1.2907E+01  1.2907E+01  1.2907E+01
  19273   3  2.2797E-01  2.2797E-01  2.2797E-01  2.2797E-01  2.2797E-01  2.2797E-01  2.2797E-01  2.2797E-01  2.2797E-01  2.2797E-01  2.2797E-01  2.2797E-01  2.2797E-01  2.4254E+01  2.4254E+01  2.4254E+01  2.4254E+01  2.4254E+01  2.4254E+01  2.4254E+01  2.4254E+01  2.2797E-01  2.2797E-01  2.2797E-01
  18919   3  3.6127E+01  3.6127E+01  3.6127E+01  3.6127E+01  3.6127E+01  3.6127E+01  3.6127E+01  3.6127E+01  3.6127E+01  3.6127E+01  3.6127E+01  3.6127E+01  3.6127E+01  9.6708E+01  9.6708E+01  9.6708E+01  9.6708E+01  9.6708E+01  9.6708E+01  9.6708E+01  9.6708E+01  3.6127E+01  3.6127E+01  3.6127E+01
  39327   3  8.2326E+03  8.2326E+03  8.2326E+03  8.2326E+03  8.2326E+03  8.2326E+03  8.2326E+03  8.2326E+03  8.2326E+03  8.2326E+03  8.2326E+03  8.2326E+03  8.2326E+03  8.2326E+03  8.2326E+03  8.2326E+03  8.2326E+03  8.2326E+03  8.2326E+03  8.2326E+03  8.2326E+03  8.2326E+03  8.2326E+03  8.2326E+03
  46049   3  8.1665E+02  8.1665E+02  8.1665E+02  8.1665E+02  8.1665E+02  8.1665E+02  8.1665E+02  8.1665E+02  8.1665E+02  8.1665E+02  8.1665E+02  8.1665E+02  8.1665E+02  8.1665E+02  8.1665E+02  8.1665E+02  8.1665E+02  8.1665E+02  8.1665E+02  8.1665E+02  8.1665E+02  8.1665E+02  8.1665E+02  8.1665E+02
  46755   3  1.4640E+04  1.4423E+04  1.3619E+04  1.2288E+04  1.0895E+04  9.2099E+03  8.5278E+03  8.1867E+03  8.0729E+03  8.3004E+03  8.9826E+03  1.0063E+04  1.1455E+04  1.2308E+04  1.2990E+04  1.3587E+04  1.3815E+04  1.4042E+04  1.4127E+04  1.4241E+04  1.4212E+04  1.4127E+04  1.3900E+04  1.3559E+04
  46403   3  7.0394E+01  6.9352E+01  6.5483E+01  5.9083E+01  5.2386E+01  4.4283E+01  4.1003E+01  3.9363E+01  3.8816E+01  3.9909E+01  4.3190E+01  4.8383E+01  5.5080E+01  5.9181E+01  6.2461E+01  6.5331E+01  6.6425E+01  6.7518E+01  6.7928E+01  6.8475E+01  6.8338E+01  6.7928E+01  6.6834E+01  6.5194E+01
  24538   2  3.4679E+00  3.4679E+00  3.4679E+00  3.4679E+00  3.4679E+00  3.4679E+00  3.4679E+00  3.4679E+00  3.4679E+00  3.4679E+00  3.4679E+00  3.4679E+00  3.4679E+00  3.4679E+00  3.4679E+00  3.4679E+00  3.4679E+00  3.4679E+00  3.4679E+00  3.4679E+00  3.4679E+00  3.4679E+00  3.4679E+00  3.4679E+00
  24549   2  1.1489E+03  1.1489E+03  1.1489E+03  1.1489E+03  1.1489E+03  1.1489E+03  1.1489E+03  1.1489E+03  1.1489E+03  1.1489E+03  1.1489E+03  1.1489E+03  1.1489E+03  1.1489E+03  1.1489E+03  1.1489E+03  1.1489E+03  1.1489E+03  1.1489E+03  1.1489E+03  1.1489E+03  1.1489E+03  1.1489E+03  1.1489E+03
  24547   2  6.5745E+01  6.5745E+01  6.5745E+01  6.5745E+01  6.5745E+01  6.5745E+01  6.5745E+01  6.5745E+01  6.5745E+01  6.5745E+01  6.5745E+01  6.5745E+01  6.5745E+01  6.5745E+01  6.5745E+01  6.5745E+01  6.5745E+01  6.5745E+01  6.5745E+01  6.5745E+01  6.5745E+01  6.5745E+01  6.5745E+01  6.5745E+01
  25246   2  1.1279E+01  1.1279E+01  1.1279E+01  1.1279E+01  1.1279E+01  1.1279E+01  1.1279E+01  1.1279E+01  1.1279E+01  1.1279E+01  1.1279E+01  1.1279E+01  1.1279E+01  1.1279E+01  1.1279E+01  1.1279E+01  1.1279E+01  1.1279E+01  1.1279E+01  1.1279E+01  1.1279E+01  1.1279E+01  1.1279E+01  1.1279E+01
  27008   4  2.7941E+02  2.7941E+02  2.7941E+02  2.7941E+02  2.7941E+02  2.7920E+02  2.7920E+02  2.7920E+02  2.7920E+02  2.7920E+02  2.7920E+02  2.7920E+02  2.7941E+02  2.7941E+02  2.7941E+02  2.7941E+02  2.7941E+02  2.7941E+02  2.7941E+02  2.7941E+02  2.7941E+02  2.7941E+02  2.7941E+02  2.7941E+02
  24896   3  8.5980E+04  8.4986E+04  8.1296E+04  7.5192E+04  6.8807E+04  5.5380E+04  5.2252E+04  5.0688E+04  5.0167E+04  5.1209E+04  5.4337E+04  5.9289E+04  7.1376E+04  7.5285E+04  7.8415E+04  8.1152E+04  8.2195E+04  8.3236E+04  8.3627E+04  8.4149E+04  8.4018E+04  8.3627E+04  8.2586E+04  8.1022E+04
   9028   3  1.7185E+00  1.7144E+00  1.6994E+00  1.6745E+00  1.6485E+00  1.6170E+00  1.6043E+00  1.5979E+00  1.5958E+00  1.6000E+00  1.6128E+00  1.6329E+00  1.6590E+00  1.6749E+00  1.6876E+00  1.6988E+00  1.7030E+00  1.7073E+00  1.7089E+00  1.7110E+00  1.7105E+00  1.7089E+00  1.7046E+00  1.6983E+00
  14677   3  5.6353E-01  5.6353E-01  5.6353E-01  5.6353E-01  5.6353E-01  5.6353E-01  5.6353E-01  5.6353E-01  5.6353E-01  5.6353E-01  5.6353E-01  5.6353E-01  5.6353E-01  5.6353E-01  5.6353E-01  5.6353E-01  5.6353E-01  5.6353E-01  5.6353E-01  5.6353E-01  5.6353E-01  5.6353E-01  5.6353E-01  5.6353E-01
  13592   3  1.3912E+05  1.3706E+05  1.2941E+05  1.1677E+05  1.0353E+05  8.7516E+04  8.1034E+04  7.7792E+04  7.6711E+04  7.8873E+04  8.5356E+04  9.5620E+04  1.0885E+05  1.1696E+05  1.2344E+05  1.2911E+05  1.3127E+05  1.3343E+05  1.3424E+05  1.3532E+05  1.3505E+05  1.3424E+05  1.3208E+05  1.2884E+05
  23165   3  1.3157E+01  1.3157E+01  1.3157E+01  1.3157E+01  1.3157E+01  1.3157E+01  1.3157E+01  1.3157E+01  1.3157E+01  1.3157E+01  1.3157E+01  1.3157E+01  1.3157E+01  1.3157E+01  1.3157E+01  1.3157E+01  1.3157E+01  1.3157E+01  1.3157E+01  1.3157E+01  1.3157E+01  1.3157E+01  1.3157E+01  1.3157E+01
  22447   3  1.9523E+02  1.9523E+02  1.9523E+02  1.9523E+02  1.9523E+02  1.9523E+02  1.9523E+02  1.9523E+02  1.9523E+02  1.9523E+02  1.9523E+02  1.9523E+02  1.9523E+02  2.2389E+02  2.2389E+02  2.2389E+02  2.2389E+02  2.2389E+02  2.2389E+02  2.2389E+02  2.2389E+02  1.9523E+02  1.9523E+02  1.9523E+02
  22094   3  2.1180E+03  2.1180E+03  2.1180E+03  2.1180E+03  2.1180E+03  2.1016E+03  2.1016E+03  2.1016E+03  2.1016E+03  2.1016E+03  2.1016E+03  2.1016E+03  2.1016E+03  2.1180E+03  2.1180E+03  2.1180E+03  2.1180E+03  2.1180E+03  2.1180E+03  2.1180E+03  2.1180E+03  2.1180E+03  2.1180E+03  2.1180E+03
  22458   3  6.0657E+00  6.0657E+00  6.0657E+00  6.0657E+00  6.0657E+00  6.0657E+00  6.0657E+00  6.0657E+00  6.0657E+00  6.0657E+00  6.0657E+00  6.0657E+00  6.0657E+00  6.0657E+00  6.0657E+00  6.0657E+00  6.0657E+00  6.0657E+00  6.0657E+00  6.0657E+00  6.0657E+00  6.0657E+00  6.0657E+00  6.0657E+00
  23854   2  9.9168E+02  9.9168E+02  9.9168E+02  9.9168E+02  9.9168E+02  9.9168E+02  9.9168E+02  9.9168E+02  9.9168E+02  9.9168E+02  9.9168E+02  9.9168E+02  9.9168E+02  9.9168E+02  9.9168E+02  9.9168E+02  9.9168E+02  9.9168E+02  9.9168E+02  9.9168E+02  9.9168E+02  9.9168E+02  9.9168E+02  9.9168E+02
  22806   2  2.8668E+01  2.8668E+01  2.8668E+01  2.8668E+01  2.8668E+01  2.8668E+01  2.8668E+01  2.8668E+01  2.8668E+01  2.8668E+01  2.8668E+01  2.8668E+01  2.8668E+01  2.8668E+01  2.8668E+01  2.8668E+01  2.8668E+01  2.8668E+01  2.8668E+01  2.8668E+01  2.8668E+01  2.8668E+01  2.8668E+01  2.8668E+01
  22805   3  4.5242E+00  4.5242E+00  4.5242E+00  4.5242E+00  4.5242E+00  4.5242E+00  4.5242E+00  4.5242E+00  4.5242E+00  4.5242E+00  4.5242E+00  4.5242E+00  4.5242E+00  4.5242E+00  4.5242E+00  4.5242E+00  4.5242E+00  4.5242E+00  4.5242E+00  4.5242E+00  4.5242E+00  4.5242E+00  4.5242E+00  4.5242E+00
  23506   4  8.1714E+02  8.1714E+02  8.1714E+02  8.1714E+02  8.1714E+02  8.1714E+02  8.1714E+02  8.1714E+02  8.1714E+02  8.1714E+02  8.1714E+02  8.1714E+02  8.1714E+02  8.1714E+02  8.1714E+02  8.1714E+02  8.1714E+02  8.1714E+02  8.1714E+02  8.1714E+02  8.1714E+02  8.1714E+02  8.1714E+02  8.1714E+02
  22453   4  3.6375E+01  3.6375E+01  3.6375E+01  3.6375E+01  3.6375E+01  3.6375E+01  3.6375E+01  3.6375E+01  3.6375E+01  3.6375E+01  3.6375E+01  3.6375E+01  3.6375E+01  3.6375E+01  3.6375E+01  3.6375E+01  3.6375E+01  3.6375E+01  3.6375E+01  3.6375E+01  3.6375E+01  3.6375E+01  3.6375E+01  3.6375E+01
  21740   3  7.6066E+01  7.6066E+01  7.6066E+01  7.6066E+01  7.6066E+01  3.4391E+00  3.4391E+00  3.4391E+00  3.4391E+00  3.4391E+00  3.4391E+00  3.4391E+00  3.4391E+00  7.6066E+01  7.6066E+01  7.6066E+01  7.6066E+01  7.6066E+01  7.6066E+01  7.6066E+01  7.6066E+01  7.6066E+01  7.6066E+01  7.6066E+01
  21739   3  1.1874E+01  1.1874E+01  1.1874E+01  1.1874E+01  1.1874E+01  1.1874E+01  1.1874E+01  1.1874E+01  1.1874E+01  1.1874E+01  1.1874E+01  1.1874E+01  1.1874E+01  1.1874E+01  1.1874E+01  1.1874E+01  1.1874E+01  1.1874E+01  1.1874E+01  1.1874E+01  1.1874E+01  1.1874E+01  1.1874E+01  1.1874E+01
  22093   2  3.4657E+03  3.4657E+03  3.4657E+03  3.4657E+03  3.4657E+03  3.4657E+03  3.4657E+03  3.4657E+03  3.4657E+03  3.4657E+03  3.4657E+03  3.4657E+03  3.4657E+03  3.4657E+03  3.4657E+03  3.4657E+03  3.4657E+03  3.4657E+03  3.4657E+03  3.4657E+03  3.4657E+03  3.4657E+03  3.4657E+03  3.4657E+03
  21744   2  9.3284E+02  9.3284E+02  9.3284E+02  9.3284E+02  9.3284E+02  9.3159E+02  9.3159E+02  9.3159E+02  9.3159E+02  9.3159E+02  9.3159E+02  9.3159E+02  9.3159E+02  9.3284E+02  9.3284E+02  9.3284E+02  9.3284E+02  9.3284E+02  9.3284E+02  9.3284E+02  9.3284E+02  9.3284E+02  9.3284E+02  9.3284E+02
  21391   3  1.7120E+02  1.7120E+02  1.7120E+02  1.7120E+02  1.7120E+02  1.7120E+02  1.7120E+02  1.7120E+02  1.7120E+02  1.7120E+02  1.7120E+02  1.7120E+02  1.7120E+02  1.7120E+02  1.7120E+02  1.7120E+02  1.7120E+02  1.7120E+02  1.7120E+02  1.7120E+02  1.7120E+02  1.7120E+02  1.7120E+02  1.7120E+02
  22445   3  1.8387E+05  1.8387E+05  1.8387E+05  1.8387E+05  1.8387E+05  1.8387E+05  1.8387E+05  1.8387E+05  1.8387E+05  1.8387E+05  1.8387E+05  1.8387E+05  1.8387E+05  1.8387E+05  1.8387E+05  1.8387E+05  1.8387E+05  1.8387E+05  1.8387E+05  1.8387E+05  1.8387E+05  1.8387E+05  1.8387E+05  1.8387E+05
  22446   4  1.1751E+05  1.1577E+05  1.0931E+05  9.8631E+04  8.7451E+04  7.3923E+04  6.8448E+04  6.5709E+04  6.4797E+04  6.6623E+04  7.2098E+04  8.0768E+04  9.1948E+04  9.8793E+04  1.0427E+05  1.0906E+05  1.1088E+05  1.1271E+05  1.1340E+05  1.1431E+05  1.1408E+05  1.1340E+05  1.1157E+05  1.0883E+05
  22810   4  2.4062E+02  2.4062E+02  2.4062E+02  2.4062E+02  2.4062E+02  2.3950E+02  2.3950E+02  2.3950E+02  2.3950E+02  2.3950E+02  2.3950E+02  2.3950E+02  2.3950E+02  2.4062E+02  2.4062E+02  2.4062E+02  2.4062E+02  2.4062E+02  2.4062E+02  2.4062E+02  2.4062E+02  2.4062E+02  2.4062E+02  2.4062E+02
  25581   4  7.2558E+01  7.2558E+01  7.2558E+01  7.2558E+01  7.2558E+01  7.2558E+01  7.2558E+01  7.2558E+01  7.2558E+01  7.2558E+01  7.2558E+01  7.2558E+01  7.2558E+01  7.2558E+01  7.2558E+01  7.2558E+01  7.2558E+01  7.2558E+01  7.2558E+01  7.2558E+01  7.2558E+01  7.2558E+01  7.2558E+01  7.2558E+01
  25224   4  1.3709E+03  1.3709E+03  1.3709E+03  1.3709E+03  1.3709E+03  1.3545E+03  1.3545E+03  1.3545E+03  1.3545E+03  1.3545E+03  1.3545E+03  1.3545E+03  1.3545E+03  1.4013E+03  1.4013E+03  1.4013E+03  1.4013E+03  1.4013E+03  1.4013E+03  1.4013E+03  1.4013E+03  1.3709E+03  1.3709E+03  1.3709E+03
  25223   4  9.2157E+01  9.2157E+01  9.2157E+01  9.2157E+01  9.2157E+01  9.1832E+01  9.1832E+01  9.1832E+01  9.1832E+01  9.1832E+01  9.1832E+01  9.1832E+01  9.1832E+01  9.2157E+01  9.2157E+01  9.2157E+01  9.2157E+01  9.2157E+01  9.2157E+01  9.2157E+01  9.2157E+01  9.2157E+01  9.2157E+01  9.2157E+01
  24870   4  5.7648E+02  5.7648E+02  5.7648E+02  5.7648E+02  5.7648E+02  5.7648E+02  5.7648E+02  5.7648E+02  5.7648E+02  5.7648E+02  5.7648E+02  5.7648E+02  5.7648E+02  5.7648E+02  5.7648E+02  5.7648E+02  5.7648E+02  5.7648E+02  5.7648E+02  5.7648E+02  5.7648E+02  5.7648E+02  5.7648E+02  5.7648E+02
  24871   4  3.5938E+02  3.5938E+02  3.5938E+02  3.5938E+02  3.5938E+02  3.5938E+02  3.5938E+02  3.5938E+02  3.5938E+02  3.5938E+02  3.5938E+02  3.5938E+02  3.5938E+02  3.5938E+02  3.5938E+02  3.5938E+02  3.5938E+02  3.5938E+02  3.5938E+02  3.5938E+02  3.5938E+02  3.5938E+02  3.5938E+02  3.5938E+02
  23814   4  9.3966E+00  9.3966E+00  9.3966E+00  9.3966E+00  9.3966E+00  9.3966E+00  9.3966E+00  9.3966E+00  9.3966E+00  9.3966E+00  9.3966E+00  9.3966E+00  9.3966E+00  9.3966E+00  9.3966E+00  9.3966E+00  9.3966E+00  9.3966E+00  9.3966E+00  9.3966E+00  9.3966E+00  9.3966E+00  9.3966E+00  9.3966E+00
  23813   4  3.7799E+01  3.7799E+01  3.7799E+01  3.7799E+01  3.7799E+01  3.7799E+01  3.7799E+01  3.7799E+01  3.7799E+01  3.7799E+01  3.7799E+01  3.7799E+01  3.7799E+01  3.7799E+01  3.7799E+01  3.7799E+01  3.7799E+01  3.7799E+01  3.7799E+01  3.7799E+01  3.7799E+01  3.7799E+01  3.7799E+01  3.7799E+01
  23458   4  9.5017E-05  9.5017E-05  9.5017E-05  9.5017E-05  9.5017E-05  9.5017E-05  9.5017E-05  9.5017E-05  9.5017E-05  9.5017E-05  9.5017E-05  9.5017E-05  9.5017E-05  9.5017E-05  9.5017E-05  9.5017E-05  9.5017E-05  9.5017E-05  9.5017E-05  9.5017E-05  9.5017E-05  9.5017E-05  9.5017E-05  9.5017E-05
  28064   4  6.2197E-03  6.2197E-03  6.2197E-03  6.2197E-03  6.2197E-03  6.2197E-03  6.2197E-03  6.2197E-03  6.2197E-03  6.2197E-03  6.2197E-03  6.2197E-03  6.2197E-03  6.2197E-03  6.2197E-03  6.2197E-03  6.2197E-03  6.2197E-03  6.2197E-03  6.2197E-03  6.2197E-03  6.2197E-03  6.2197E-03  6.2197E-03
  23464   4  6.4765E+03  6.4765E+03  6.4765E+03  6.4765E+03  6.4765E+03  6.4765E+03  6.4765E+03  6.4765E+03  6.4765E+03  6.4765E+03  6.4765E+03  6.4765E+03  6.4765E+03  6.4765E+03  6.4765E+03  6.4765E+03  6.4765E+03  6.4765E+03  6.4765E+03  6.4765E+03  6.4765E+03  6.4765E+03  6.4765E+03  6.4765E+03
  24519   4  1.1815E+03  1.1815E+03  1.1815E+03  1.1815E+03  1.1815E+03  1.2329E+02  1.2329E+02  1.2329E+02  1.2329E+02  1.2329E+02  1.2329E+02  1.2329E+02  1.2329E+02  1.1815E+03  1.1815E+03  1.1815E+03  1.1815E+03  1.1815E+03  1.1815E+03  1.1815E+03  1.1815E+03  1.1815E+03  1.1815E+03  1.1815E+03
  24518   4  8.8078E+00  8.8078E+00  8.8078E+00  8.8078E+00  8.8078E+00  8.8078E+00  8.8078E+00  8.8078E+00  8.8078E+00  8.8078E+00  8.8078E+00  8.8078E+00  8.8078E+00  8.8078E+00  8.8078E+00  8.8078E+00  8.8078E+00  8.8078E+00  8.8078E+00  8.8078E+00  8.8078E+00  8.8078E+00  8.8078E+00  8.8078E+00
  22745   4  2.7740E+02  2.7740E+02  2.7740E+02  2.7740E+02  2.7740E+02  2.7740E+02  2.7740E+02  2.7740E+02  2.7740E+02  2.7740E+02  2.7740E+02  2.7740E+02  2.7740E+02  2.7740E+02  2.7740E+02  2.7740E+02  2.7740E+02  2.7740E+02  2.7740E+02  2.7740E+02  2.7740E+02  2.7740E+02  2.7740E+02  2.7740E+02
  24163   4  1.2053E+02  1.2053E+02  1.2053E+02  1.2053E+02  1.2053E+02  1.2053E+02  1.2053E+02  1.2053E+02  1.2053E+02  1.2053E+02  1.2053E+02  1.2053E+02  1.2053E+02  1.2053E+02  1.2053E+02  1.2053E+02  1.2053E+02  1.2053E+02  1.2053E+02  1.2053E+02  1.2053E+02  1.2053E+02  1.2053E+02  1.2053E+02
  24517   4  1.8759E+01  1.8759E+01  1.8759E+01  1.8759E+01  1.8759E+01  1.8759E+01  1.8759E+01  1.8759E+01  1.8759E+01  1.8759E+01  1.8759E+01  1.8759E+01  1.8759E+01  1.8759E+01  1.8759E+01  1.8759E+01  1.8759E+01  1.8759E+01  1.8759E+01  1.8759E+01  1.8759E+01  1.8759E+01  1.8759E+01  1.8759E+01
  20280   4  4.1247E+03  4.1247E+03  4.1247E+03  4.1247E+03  4.1247E+03  4.1247E+03  4.1247E+03  4.1247E+03  4.1247E+03  4.1247E+03  4.1247E+03  4.1247E+03  4.1247E+03  4.1247E+03  4.1247E+03  4.1247E+03  4.1247E+03  4.1247E+03  4.1247E+03  4.1247E+03  4.1247E+03  4.1247E+03  4.1247E+03  4.1247E+03
  25575   4  8.3058E+02  8.3058E+02  8.3058E+02  8.3058E+02  8.3058E+02  5.6613E+02  5.6613E+02  5.6613E+02  5.6613E+02  5.6613E+02  5.6613E+02  5.6613E+02  5.6613E+02  8.3058E+02  8.3058E+02  8.3058E+02  8.3058E+02  8.3058E+02  8.3058E+02  8.3058E+02  8.3058E+02  8.3058E+02  8.3058E+02  8.3058E+02
  24868   4  1.7853E+02  1.7853E+02  1.7853E+02  1.7853E+02  1.7853E+02  1.7853E+02  1.7853E+02  1.7853E+02  1.7853E+02  1.7853E+02  1.7853E+02  1.7853E+02  1.7853E+02  1.7853E+02  1.7853E+02  1.7853E+02  1.7853E+02  1.7853E+02  1.7853E+02  1.7853E+02  1.7853E+02  1.7853E+02  1.7853E+02  1.7853E+02
  24869   4  3.6690E+01  3.6690E+01  3.6690E+01  3.6690E+01  3.6690E+01  3.6690E+01  3.6690E+01  3.6690E+01  3.6690E+01  3.6690E+01  3.6690E+01  3.6690E+01  3.6690E+01  3.6690E+01  3.6690E+01  3.6690E+01  3.6690E+01  3.6690E+01  3.6690E+01  3.6690E+01  3.6690E+01  3.6690E+01  3.6690E+01  3.6690E+01
  25576   4  8.0876E+01  8.0876E+01  8.0876E+01  8.0876E+01  8.0876E+01  8.0876E+01  8.0876E+01  8.0876E+01  8.0876E+01  8.0876E+01  8.0876E+01  8.0876E+01  8.0876E+01  8.0876E+01  8.0876E+01  8.0876E+01  8.0876E+01  8.0876E+01  8.0876E+01  8.0876E+01  8.0876E+01  8.0876E+01  8.0876E+01  8.0876E+01
  20686   3  6.4430E+03  6.3476E+03  5.9935E+03  5.4079E+03  4.7950E+03  4.0535E+03  3.7533E+03  3.6033E+03  3.5532E+03  3.6533E+03  3.9535E+03  4.4287E+03  5.0416E+03  5.4168E+03  5.7170E+03  5.9796E+03  6.0797E+03  6.1797E+03  6.2173E+03  6.2673E+03  6.2548E+03  6.2173E+03  6.1172E+03  5.9671E+03
  22095   3  8.7518E+02  8.7518E+02  8.7518E+02  8.7518E+02  8.7518E+02  8.7518E+02  8.7518E+02  8.7518E+02  8.7518E+02  8.7518E+02  8.7518E+02  8.7518E+02  8.7518E+02  8.7518E+02  8.7518E+02  8.7518E+02  8.7518E+02  8.7518E+02  8.7518E+02  8.7518E+02  8.7518E+02  8.7518E+02  8.7518E+02  8.7518E+02
  20684   3  9.1611E+00  9.1611E+00  9.1611E+00  9.1611E+00  9.1611E+00  9.1611E+00  9.1611E+00  9.1611E+00  9.1611E+00  9.1611E+00  9.1611E+00  9.1611E+00  9.1611E+00  3.7653E+01  3.7653E+01  3.7653E+01  3.7653E+01  3.7653E+01  3.7653E+01  3.7653E+01  3.7653E+01  9.1611E+00  9.1611E+00  9.1611E+00
  20683   7  2.6753E+03  2.6464E+03  2.5387E+03  2.3606E+03  2.1743E+03  1.5161E+03  1.4249E+03  1.3792E+03  1.3640E+03  1.3944E+03  1.4857E+03  1.6302E+03  1.8166E+03  2.4594E+03  2.5506E+03  2.6305E+03  2.6609E+03  2.6913E+03  2.7027E+03  2.7179E+03  2.7141E+03  2.6067E+03  2.5763E+03  2.5307E+03
  21036   3  1.4811E+02  1.4811E+02  1.4811E+02  1.4811E+02  1.4811E+02  1.4628E+02  1.4628E+02  1.4628E+02  1.4628E+02  1.4628E+02  1.4628E+02  1.4628E+02  1.4628E+02  5.3795E+02  5.3795E+02  5.3795E+02  5.3795E+02  5.3795E+02  5.3795E+02  5.3795E+02  5.3795E+02  1.4811E+02  1.4811E+02  1.4811E+02
  19275   3  4.3033E+02  4.3033E+02  4.3033E+02  4.3033E+02  4.3033E+02  3.7459E+02  3.7459E+02  3.7459E+02  3.7459E+02  3.7459E+02  3.7459E+02  3.7459E+02  3.7459E+02  4.3033E+02  4.3033E+02  4.3033E+02  4.3033E+02  4.3033E+02  4.3033E+02  4.3033E+02  4.3033E+02  4.3033E+02  4.3033E+02  4.3033E+02
  19274   3  8.9370E+01  8.9370E+01  8.9370E+01  8.9370E+01  8.9370E+01  4.8128E+01  4.8128E+01  4.8128E+01  4.8128E+01  4.8128E+01  4.8128E+01  4.8128E+01  4.8128E+01  8.9370E+01  8.9370E+01  8.9370E+01  8.9370E+01  8.9370E+01  8.9370E+01  8.9370E+01  8.9370E+01  8.9370E+01  8.9370E+01  8.9370E+01
  20331   2  1.5493E+03  1.5493E+03  1.5493E+03  1.5493E+03  1.5493E+03  1.1881E+03  1.1881E+03  1.1881E+03  1.1881E+03  1.1881E+03  1.1881E+03  1.1881E+03  1.2131E+03  1.5916E+03  1.5916E+03  1.5916E+03  1.5916E+03  1.5916E+03  1.5916E+03  1.5916E+03  1.5916E+03  1.5493E+03  1.5493E+03  1.5493E+03
  19628   2  2.5503E+02  2.5503E+02  2.5503E+02  2.5503E+02  2.5503E+02  1.4574E+02  1.4574E+02  1.4574E+02  1.4574E+02  1.4574E+02  1.4574E+02  1.4574E+02  1.4583E+02  2.5503E+02  2.5503E+02  2.5503E+02  2.5503E+02  2.5503E+02  2.5503E+02  2.5503E+02  2.5503E+02  2.5503E+02  2.5503E+02  2.5503E+02
  19267   2  6.2369E+02  6.2369E+02  6.2369E+02  6.2369E+02  6.2369E+02  6.2369E+02  6.2369E+02  6.2369E+02  6.2369E+02  6.2369E+02  6.2369E+02  6.2369E+02  6.2369E+02  3.4784E+03  3.4784E+03  3.4784E+03  3.4784E+03  3.4784E+03  3.4784E+03  3.4784E+03  3.4784E+03  6.2369E+02  6.2369E+02  6.2369E+02
  19620   3  2.8594E+03  2.8594E+03  2.8594E+03  2.8594E+03  2.8594E+03  1.6550E-01  1.6550E-01  1.6550E-01  1.6550E-01  1.6550E-01  1.6550E-01  1.6550E-01  1.6550E-01  2.8594E+03  2.8594E+03  2.8594E+03  2.8594E+03  2.8594E+03  2.8594E+03  2.8594E+03  2.8594E+03  2.8594E+03  2.8594E+03  2.8594E+03
  18913   3  1.5154E+01  1.5154E+01  1.5154E+01  1.5154E+01  1.5154E+01  1.5154E+01  1.5154E+01  1.5154E+01  1.5154E+01  1.5154E+01  1.5154E+01  1.5154E+01  1.5154E+01  1.5154E+01  1.5154E+01  1.5154E+01  1.5154E+01  1.5154E+01  1.5154E+01  1.5154E+01  1.5154E+01  1.5154E+01  1.5154E+01  1.5154E+01
  19975   7  1.5874E+03  1.5874E+03  1.5874E+03  1.5874E+03  1.5874E+03  1.0401E+02  1.0401E+02  1.0401E+02  1.0401E+02  1.0401E+02  1.0401E+02  1.0401E+02  1.0401E+02  1.8921E+03  1.8921E+03  1.8921E+03  1.8921E+03  1.8921E+03  1.8921E+03  1.8921E+03  1.8921E+03  1.5874E+03  1.5874E+03  1.5874E+03
  19979   4  1.1931E+01  1.1931E+01  1.1931E+01  1.1931E+01  1.1931E+01  1.1931E+01  1.1931E+01  1.1931E+01  1.1931E+01  1.1931E+01  1.1931E+01  1.1931E+01  1.1931E+01  3.4725E+01  3.4725E+01  3.4725E+01  3.4725E+01  3.4725E+01  3.4725E+01  3.4725E+01  3.4725E+01  1.1931E+01  1.1931E+01  1.1931E+01
  20681   4  1.8815E+02  1.8815E+02  1.8815E+02  1.8815E+02  1.8815E+02  1.8815E+02  1.8815E+02  1.8815E+02  1.8815E+02  1.8815E+02  1.8815E+02  1.8815E+02  1.8815E+02  1.8815E+02  1.8815E+02  1.8815E+02  1.8815E+02  1.8815E+02  1.8815E+02  1.8815E+02  1.8815E+02  1.8815E+02  1.8815E+02  1.8815E+02
  18915   2  6.1894E+00  6.1894E+00  6.1894E+00  6.1894E+00  6.1894E+00  6.1894E+00  6.1894E+00  6.1894E+00  6.1894E+00  6.1894E+00  6.1894E+00  6.1894E+00  6.1894E+00  6.1894E+00  6.1894E+00  6.1894E+00  6.1894E+00  6.1894E+00  6.1894E+00  6.1894E+00  6.1894E+00  6.1894E+00  6.1894E+00  6.1894E+00
  21038   2  9.7580E+01  9.7580E+01  9.7580E+01  9.7580E+01  9.7580E+01  9.7580E+01  9.7580E+01  9.7580E+01  9.7580E+01  9.7580E+01  9.7580E+01  9.7580E+01  9.7580E+01  9.7580E+01  9.7580E+01  9.7580E+01  9.7580E+01  9.7580E+01  9.7580E+01  9.7580E+01  9.7580E+01  9.7580E+01  9.7580E+01  9.7580E+01
  18562   3  7.4508E+00  7.4508E+00  7.4508E+00  7.4508E+00  7.4508E+00  7.4508E+00  7.4508E+00  7.4508E+00  7.4508E+00  7.4508E+00  7.4508E+00  7.4508E+00  7.4508E+00  7.4508E+00  7.4508E+00  7.4508E+00  7.4508E+00  7.4508E+00  7.4508E+00  7.4508E+00  7.4508E+00  7.4508E+00  7.4508E+00  7.4508E+00
  19266   2  1.1871E+01  1.1871E+01  1.1871E+01  1.1871E+01  1.1871E+01  1.1871E+01  1.1871E+01  1.1871E+01  1.1871E+01  1.1871E+01  1.1871E+01  1.1871E+01  1.1871E+01  1.1872E+01  1.1872E+01  1.1872E+01  1.1872E+01  1.1872E+01  1.1872E+01  1.1872E+01  1.1872E+01  1.1871E+01  1.1871E+01  1.1871E+01
  19265   2  6.1086E+02  6.1086E+02  6.1086E+02  6.1086E+02  6.1086E+02  6.0519E+02  6.0519E+02  6.0519E+02  6.0519E+02  6.0519E+02  6.0519E+02  6.0519E+02  6.1086E+02  7.0657E+02  7.0657E+02  7.0657E+02  7.0657E+02  7.0657E+02  7.0657E+02  7.0657E+02  7.0657E+02  6.1086E+02  6.1086E+02  6.1086E+02
  18912   3  2.8574E-02  2.8574E-02  2.8574E-02  2.8574E-02  2.8574E-02  2.8574E-02  2.8574E-02  2.8574E-02  2.8574E-02  2.8574E-02  2.8574E-02  2.8574E-02  2.8574E-02  2.8574E-02  2.8574E-02  2.8574E-02  2.8574E-02  2.8574E-02  2.8574E-02  2.8574E-02  2.8574E-02  2.8574E-02  2.8574E-02  2.8574E-02
  19973   3  5.8217E+00  5.8217E+00  5.8217E+00  5.8217E+00  5.8217E+00  5.8217E+00  5.8217E+00  5.8217E+00  5.8217E+00  5.8217E+00  5.8217E+00  5.8217E+00  5.8217E+00  5.8217E+00  5.8217E+00  5.8217E+00  5.8217E+00  5.8217E+00  5.8217E+00  5.8217E+00  5.8217E+00  5.8217E+00  5.8217E+00  5.8217E+00
  20682   2  2.4942E+02  2.4942E+02  2.4942E+02  2.4942E+02  2.4942E+02  1.2931E+02  1.2931E+02  1.2931E+02  1.2931E+02  1.2931E+02  1.2931E+02  1.2931E+02  1.2931E+02  3.1524E+02  3.1524E+02  3.1524E+02  3.1524E+02  3.1524E+02  3.1524E+02  3.1524E+02  3.1524E+02  2.4942E+02  2.4942E+02  2.4942E+02
  21035   2  2.8184E+00  2.8184E+00  2.8184E+00  2.8184E+00  2.8184E+00  2.8184E+00  2.8184E+00  2.8184E+00  2.8184E+00  2.8184E+00  2.8184E+00  2.8184E+00  2.8184E+00  2.8184E+00  2.8184E+00  2.8184E+00  2.8184E+00  2.8184E+00  2.8184E+00  2.8184E+00  2.8184E+00  2.8184E+00  2.8184E+00  2.8184E+00
  20665   2  4.0292E+01  4.0292E+01  4.0292E+01  4.0292E+01  4.0292E+01  4.0292E+01  4.0292E+01  4.0292E+01  4.0292E+01  4.0292E+01  4.0292E+01  4.0292E+01  4.0292E+01  4.0292E+01  4.0292E+01  4.0292E+01  4.0292E+01  4.0292E+01  4.0292E+01  4.0292E+01  4.0292E+01  4.0292E+01  4.0292E+01  4.0292E+01
  21015   2  7.6672E+00  7.6672E+00  7.6672E+00  7.6672E+00  7.6672E+00  7.6672E+00  7.6672E+00  7.6672E+00  7.6672E+00  7.6672E+00  7.6672E+00  7.6672E+00  7.6672E+00  7.6672E+00  7.6672E+00  7.6672E+00  7.6672E+00  7.6672E+00  7.6672E+00  7.6672E+00  7.6672E+00  7.6672E+00  7.6672E+00  7.6672E+00
  13938   2  5.7042E+03  5.7042E+03  5.7042E+03  5.7042E+03  5.6709E+03  5.6709E+03  5.6709E+03  5.6709E+03  5.7042E+03  5.7042E+03  5.7042E+03  5.7042E+03  5.7042E+03  5.7042E+03  5.7042E+03  5.7042E+03  5.7042E+03  5.7042E+03  5.7042E+03  5.7042E+03  5.7042E+03  5.7042E+03  5.7042E+03  5.7042E+03
  13235   2  8.8117E+03  8.8117E+03  8.8117E+03  8.8117E+03  8.8117E+03  8.8117E+03  8.8117E+03  8.8117E+03  8.8117E+03  8.8117E+03  8.8117E+03  8.8117E+03  8.8117E+03  8.8117E+03  8.8117E+03  8.8117E+03  8.8117E+03  8.8117E+03  8.8117E+03  8.8117E+03  8.8117E+03  8.8117E+03  8.8117E+03  8.8117E+03
  21012   2  3.6070E+03  3.6070E+03  3.6070E+03  3.6070E+03  3.6070E+03  3.6070E+03  3.6070E+03  3.6070E+03  3.6070E+03  3.6070E+03  3.6070E+03  3.6070E+03  3.6070E+03  3.6070E+03  3.6070E+03  3.6070E+03  3.6070E+03  3.6070E+03  3.6070E+03  3.6070E+03  3.6070E+03  3.6070E+03  3.6070E+03  3.6070E+03
  20658   2  8.9616E+01  8.9616E+01  8.9616E+01  8.9616E+01  8.9616E+01  8.9616E+01  8.9616E+01  8.9616E+01  8.9616E+01  8.9616E+01  8.9616E+01  8.9616E+01  8.9616E+01  8.9616E+01  8.9616E+01  8.9616E+01  8.9616E+01  8.9616E+01  8.9616E+01  8.9616E+01  8.9616E+01  8.9616E+01  8.9616E+01  8.9616E+01
  21013   2  7.1490E+02  7.1490E+02  7.1490E+02  7.1490E+02  7.1490E+02  7.1490E+02  7.1490E+02  7.1490E+02  7.1490E+02  7.1490E+02  7.1490E+02  7.1490E+02  7.1490E+02  7.1490E+02  7.1490E+02  7.1490E+02  7.1490E+02  7.1490E+02  7.1490E+02  7.1490E+02  7.1490E+02  7.1490E+02  7.1490E+02  7.1490E+02
  20659   1  1.6341E+02  1.6341E+02  1.6341E+02  1.6341E+02  1.6341E+02  1.6341E+02  1.6341E+02  1.6341E+02  1.6341E+02  1.6341E+02  1.6341E+02  1.6341E+02  1.6341E+02  1.6341E+02  1.6341E+02  1.6341E+02  1.6341E+02  1.6341E+02  1.6341E+02  1.6341E+02  1.6341E+02  1.6341E+02  1.6341E+02  1.6341E+02
  18891   2  1.5151E+00  1.5151E+00  1.5151E+00  1.5151E+00  1.5151E+00  1.5151E+00  1.5151E+00  1.5151E+00  1.5151E+00  1.5151E+00  1.5151E+00  1.5151E+00  1.5151E+00  1.5151E+00  1.5151E+00  1.5151E+00  1.5151E+00  1.5151E+00  1.5151E+00  1.5151E+00  1.5151E+00  1.5151E+00  1.5151E+00  1.5151E+00
  19590   3  5.6392E+01  5.6392E+01  5.6392E+01  5.6392E+01  5.6392E+01  5.6392E+01  5.6392E+01  5.6392E+01  5.6392E+01  5.6392E+01  5.6392E+01  5.6392E+01  5.6392E+01  5.6392E+01  5.6392E+01  5.6392E+01  5.6392E+01  5.6392E+01  5.6392E+01  5.6392E+01  5.6392E+01  5.6392E+01  5.6392E+01  5.6392E+01
  19610   3  7.0952E+01  7.0952E+01  7.0952E+01  7.0952E+01  7.0952E+01  7.0952E+01  7.0952E+01  7.0952E+01  7.0952E+01  7.0952E+01  7.0952E+01  7.0952E+01  7.0952E+01  7.0952E+01  7.0952E+01  7.0952E+01  7.0952E+01  7.0952E+01  7.0952E+01  7.0952E+01  7.0952E+01  7.0952E+01  7.0952E+01  7.0952E+01
  17156   4  2.8956E+02  2.8956E+02  2.8956E+02  2.8956E+02  2.8956E+02  2.2595E+01  2.2595E+01  2.2595E+01  2.2595E+01  2.2595E+01  2.2595E+01  2.2595E+01  2.2595E+01  2.8956E+02  2.8956E+02  2.8956E+02  2.8956E+02  2.8956E+02  2.8956E+02  2.8956E+02  2.8956E+02  2.8956E+02  2.8956E+02  2.8956E+02
  17506   3  5.6081E+02  5.6081E+02  5.6081E+02  5.6081E+02  5.6081E+02  5.6081E+02  5.6081E+02  5.6081E+02  5.6081E+02  5.6081E+02  5.6081E+02  5.6081E+02  5.6081E+02  5.6333E+02  5.6333E+02  5.6333E+02  5.6333E+02  5.6333E+02  5.6333E+02  5.6333E+02  5.6333E+02  5.6081E+02  5.6081E+02  5.6081E+02
  18212   3  9.9890E+01  9.9890E+01  9.9890E+01  9.9890E+01  9.9890E+01  9.9890E+01  9.9890E+01  9.9890E+01  9.9890E+01  9.9890E+01  9.9890E+01  9.9890E+01  9.9890E+01  9.9890E+01  9.9890E+01  9.9890E+01  9.9890E+01  9.9890E+01  9.9890E+01  9.9890E+01  9.9890E+01  9.9890E+01  9.9890E+01  9.9890E+01
  17510   3  3.8606E+02  3.8606E+02  3.8606E+02  3.8606E+02  3.8606E+02  3.8606E+02  3.8606E+02  3.8606E+02  3.8606E+02  3.8606E+02  3.8606E+02  3.8606E+02  3.8606E+02  3.8606E+02  3.8606E+02  3.8606E+02  3.8606E+02  3.8606E+02  3.8606E+02  3.8606E+02  3.8606E+02  3.8606E+02  3.8606E+02  3.8606E+02
  32968   4  6.8160E+00  6.8160E+00  6.8160E+00  6.8160E+00  6.8160E+00  6.8160E+00  6.8160E+00  6.8160E+00  6.8160E+00  6.8160E+00  6.8160E+00  6.8160E+00  6.8160E+00  6.8160E+00  6.8160E+00  6.8160E+00  6.8160E+00  6.8160E+00  6.8160E+00  6.8160E+00  6.8160E+00  6.8160E+00  6.8160E+00  6.8160E+00
  16476   3  2.0343E+00  2.0343E+00  2.0343E+00  2.0343E+00  2.0343E+00  2.0343E+00  2.0343E+00  2.0343E+00  2.0343E+00  2.0343E+00  2.0343E+00  2.0343E+00  2.0343E+00  2.0343E+00  2.0343E+00  2.0343E+00  2.0343E+00  2.0343E+00  2.0343E+00  2.0343E+00  2.0343E+00  2.0343E+00  2.0343E+00  2.0343E+00
   7320   4  1.4124E-01  1.4124E-01  1.4124E-01  1.4124E-01  1.4124E-01  1.4124E-01  1.4124E-01  1.4124E-01  1.4124E-01  1.4124E-01  1.4124E-01  1.4124E-01  1.4124E-01  1.4124E-01  1.4124E-01  1.4124E-01  1.4124E-01  1.4124E-01  1.4124E-01  1.4124E-01  1.4124E-01  1.4124E-01  1.4124E-01  1.4124E-01
  10496   4  1.1416E+03  1.1416E+03  1.1416E+03  1.1416E+03  1.1416E+03  1.1416E+03  1.1416E+03  1.1416E+03  1.1416E+03  1.1416E+03  1.1416E+03  1.1416E+03  1.1416E+03  1.1416E+03  1.1416E+03  1.1416E+03  1.1416E+03  1.1416E+03  1.1416E+03  1.1416E+03  1.1416E+03  1.1416E+03  1.1416E+03  1.1416E+03
  10122   7  7.3270E+02  7.3270E+02  7.3270E+02  7.3270E+02  7.3270E+02  7.3270E+02  7.3270E+02  7.3270E+02  7.3270E+02  7.3270E+02  7.3270E+02  7.3270E+02  7.3270E+02  7.3270E+02  7.3270E+02  7.3270E+02  7.3270E+02  7.3270E+02  7.3270E+02  7.3270E+02  7.3270E+02  7.3270E+02  7.3270E+02  7.3270E+02
   6258   4  2.4318E+04  2.4318E+04  2.4318E+04  2.4318E+04  2.4318E+04  2.4318E+04  2.4318E+04  2.4318E+04  2.4318E+04  2.4318E+04  2.4318E+04  2.4318E+04  2.4318E+04  2.4318E+04  2.4318E+04  2.4318E+04  2.4318E+04  2.4318E+04  2.4318E+04  2.4318E+04  2.4318E+04  2.4318E+04  2.4318E+04  2.4318E+04
  11525   3  1.6369E+01  1.6369E+01  1.6369E+01  1.6369E+01  1.6369E+01  1.6369E+01  1.6369E+01  1.6369E+01  1.6369E+01  1.6369E+01  1.6369E+01  1.6369E+01  1.6369E+01  1.6369E+01  1.6369E+01  1.6369E+01  1.6369E+01  1.6369E+01  1.6369E+01  1.6369E+01  1.6369E+01  1.6369E+01  1.6369E+01  1.6369E+01
   8358   3  4.8108E-03  4.8108E-03  4.8108E-03  4.8108E-03  4.8108E-03  4.8108E-03  4.8108E-03  4.8108E-03  4.8108E-03  4.8108E-03  4.8108E-03  4.8108E-03  4.8108E-03  4.8108E-03  4.8108E-03  4.8108E-03  4.8108E-03  4.8108E-03  4.8108E-03  4.8108E-03  4.8108E-03  4.8108E-03  4.8108E-03  4.8108E-03
  11870   8  4.0304E+03  4.0304E+03  4.0304E+03  4.0304E+03  4.0304E+03  4.0304E+03  4.0304E+03  4.0304E+03  4.0304E+03  4.0304E+03  4.0304E+03  4.0304E+03  4.0304E+03  4.0304E+03  4.0304E+03  4.0304E+03  4.0304E+03  4.0304E+03  4.0304E+03  4.0304E+03  4.0304E+03  4.0304E+03  4.0304E+03  4.0304E+03
  18579   2  1.1169E+04  1.1169E+04  1.1169E+04  1.1169E+04  1.1169E+04  1.1169E+04  1.1169E+04  1.1169E+04  1.1169E+04  1.1169E+04  1.1169E+04  1.1169E+04  1.1169E+04  1.1169E+04  1.1169E+04  1.1169E+04  1.1169E+04  1.1169E+04  1.1169E+04  1.1169E+04  1.1169E+04  1.1169E+04  1.1169E+04  1.1169E+04
  18225   2  3.0482E+01  3.0482E+01  3.0482E+01  3.0482E+01  3.0482E+01  3.0482E+01  3.0482E+01  3.0482E+01  3.0482E+01  3.0482E+01  3.0482E+01  3.0482E+01  3.0482E+01  3.0816E+01  3.0816E+01  3.0816E+01  3.0816E+01  3.0816E+01  3.0816E+01  3.0816E+01  3.0816E+01  3.0482E+01  3.0482E+01  3.0482E+01
  18576   2  1.5851E+03  1.5851E+03  1.5851E+03  1.5851E+03  1.5851E+03  1.5851E+03  1.5851E+03  1.5851E+03  1.5851E+03  1.5851E+03  1.5851E+03  1.5851E+03  1.5851E+03  1.5851E+03  1.5851E+03  1.5851E+03  1.5851E+03  1.5851E+03  1.5851E+03  1.5851E+03  1.5851E+03  1.5851E+03  1.5851E+03  1.5851E+03
  22115   3  1.7414E+01  1.7414E+01  1.7414E+01  1.7414E+01  1.7414E+01  1.7414E+01  1.7414E+01  1.7414E+01  1.7414E+01  1.7414E+01  1.7414E+01  1.7414E+01  1.7414E+01  1.7414E+01  1.7414E+01  1.7414E+01  1.7414E+01  1.7414E+01  1.7414E+01  1.7414E+01  1.7414E+01  1.7414E+01  1.7414E+01  1.7414E+01
  15750   3  1.7720E+01  1.7720E+01  1.7720E+01  1.7720E+01  1.7720E+01  1.7720E+01  1.7720E+01  1.7720E+01  1.7720E+01  1.7720E+01  1.7720E+01  1.7720E+01  1.7720E+01  1.7720E+01  1.7720E+01  1.7720E+01  1.7720E+01  1.7720E+01  1.7720E+01  1.7720E+01  1.7720E+01  1.7720E+01  1.7720E+01  1.7720E+01
  16455   3  1.9849E+02  1.9849E+02  1.9849E+02  1.9849E+02  1.9849E+02  1.9849E+02  1.9849E+02  1.9849E+02  1.9849E+02  1.9849E+02  1.9849E+02  1.9849E+02  1.9849E+02  1.9849E+02  1.9849E+02  1.9849E+02  1.9849E+02  1.9849E+02  1.9849E+02  1.9849E+02  1.9849E+02  1.9849E+02  1.9849E+02  1.9849E+02
  18223   2  5.7935E+02  5.7935E+02  5.7935E+02  5.7935E+02  5.7935E+02  5.6250E+02  5.6250E+02  5.6250E+02  5.6250E+02  5.6250E+02  5.6250E+02  5.6250E+02  5.6250E+02  7.0733E+02  7.0733E+02  7.0733E+02  7.0733E+02  7.0733E+02  7.0733E+02  7.0733E+02  7.0733E+02  5.7935E+02  5.7935E+02  5.7935E+02
  18224   2  2.4326E+03  2.4326E+03  2.4326E+03  2.4326E+03  2.4326E+03  2.2673E+03  2.2673E+03  2.2673E+03  2.2673E+03  2.2673E+03  2.2673E+03  2.2673E+03  2.2673E+03  2.4326E+03  2.4326E+03  2.4326E+03  2.4326E+03  2.4326E+03  2.4326E+03  2.4326E+03  2.4326E+03  2.4326E+03  2.4326E+03  2.4326E+03
  18930   3  7.6218E+03  7.6218E+03  7.6218E+03  7.6218E+03  7.6218E+03  7.6218E+03  7.6218E+03  7.6218E+03  7.6218E+03  7.6218E+03  7.6218E+03  7.6218E+03  7.6218E+03  7.6218E+03  7.6218E+03  7.6218E+03  7.6218E+03  7.6218E+03  7.6218E+03  7.6218E+03  7.6218E+03  7.6218E+03  7.6218E+03  7.6218E+03
  18577   3  3.9436E+00  3.9436E+00  3.9436E+00  3.9436E+00  3.9436E+00  3.9436E+00  3.9436E+00  3.9436E+00  3.9436E+00  3.9436E+00  3.9436E+00  3.9436E+00  3.9436E+00  1.1803E+01  1.1803E+01  1.1803E+01  1.1803E+01  1.1803E+01  1.1803E+01  1.1803E+01  1.1803E+01  3.9436E+00  3.9436E+00  3.9436E+00
  18222   3  3.3088E+01  3.3088E+01  3.3088E+01  3.3088E+01  3.3088E+01  3.0955E+01  3.0955E+01  3.0955E+01  3.0955E+01  3.0955E+01  3.0955E+01  3.0955E+01  3.0955E+01  8.1363E+01  8.1363E+01  8.1363E+01  8.1363E+01  8.1363E+01  8.1363E+01  8.1363E+01  8.1363E+01  3.3088E+01  3.3088E+01  3.3088E+01
  18928   4  1.9755E+03  1.9755E+03  1.9755E+03  1.9755E+03  1.9755E+03  1.9755E+03  1.9755E+03  1.9755E+03  1.9755E+03  1.9755E+03  1.9755E+03  1.9755E+03  1.9755E+03  1.9755E+03  1.9755E+03  1.9755E+03  1.9755E+03  1.9755E+03  1.9755E+03  1.9755E+03  1.9755E+03  1.9755E+03  1.9755E+03  1.9755E+03
  18575   4  4.4473E+01  4.4473E+01  4.4473E+01  4.4473E+01  4.4473E+01  4.4473E+01  4.4473E+01  4.4473E+01  4.4473E+01  4.4473E+01  4.4473E+01  4.4473E+01  4.4473E+01  4.4473E+01  4.4473E+01  4.4473E+01  4.4473E+01  4.4473E+01  4.4473E+01  4.4473E+01  4.4473E+01  4.4473E+01  4.4473E+01  4.4473E+01
  15401   3  1.6641E+03  1.6641E+03  1.6641E+03  1.6641E+03  1.6641E+03  1.6641E+03  1.6641E+03  1.6641E+03  1.6641E+03  1.6641E+03  1.6641E+03  1.6641E+03  1.6641E+03  1.6641E+03  1.6641E+03  1.6641E+03  1.6641E+03  1.6641E+03  1.6641E+03  1.6641E+03  1.6641E+03  1.6641E+03  1.6641E+03  1.6641E+03
  16114   3  5.6353E-01  5.6353E-01  5.6353E-01  5.6353E-01  5.6353E-01  5.6353E-01  5.6353E-01  5.6353E-01  5.6353E-01  5.6353E-01  5.6353E-01  5.6353E-01  5.6353E-01  5.6353E-01  5.6353E-01  5.6353E-01  5.6353E-01  5.6353E-01  5.6353E-01  5.6353E-01  5.6353E-01  5.6353E-01  5.6353E-01  5.6353E-01
  15762   4  1.4539E+02  1.4539E+02  1.4539E+02  1.4539E+02  1.4539E+02  1.4539E+02  1.4539E+02  1.4539E+02  1.4539E+02  1.4539E+02  1.4539E+02  1.4539E+02  1.4539E+02  1.4539E+02  1.4539E+02  1.4539E+02  1.4539E+02  1.4539E+02  1.4539E+02  1.4539E+02  1.4539E+02  1.4539E+02  1.4539E+02  1.4539E+02
  18227   4  5.9581E+01  5.9581E+01  5.9581E+01  5.9581E+01  5.9581E+01  5.9581E+01  5.9581E+01  5.9581E+01  5.9581E+01  5.9581E+01  5.9581E+01  5.9581E+01  5.9581E+01  5.9581E+01  5.9581E+01  5.9581E+01  5.9581E+01  5.9581E+01  5.9581E+01  5.9581E+01  5.9581E+01  5.9581E+01  5.9581E+01  5.9581E+01
  21763   4  1.1364E+02  1.1364E+02  1.1364E+02  1.1364E+02  1.1364E+02  1.1364E+02  1.1364E+02  1.1364E+02  1.1364E+02  1.1364E+02  1.1364E+02  1.1364E+02  1.1364E+02  1.1364E+02  1.1364E+02  1.1364E+02  1.1364E+02  1.1364E+02  1.1364E+02  1.1364E+02  1.1364E+02  1.1364E+02  1.1364E+02  1.1364E+02
  24551   4  3.6948E+01  3.6948E+01  3.6948E+01  3.6948E+01  3.6948E+01  3.6948E+01  3.6948E+01  3.6948E+01  3.6948E+01  3.6948E+01  3.6948E+01  3.6948E+01  3.6948E+01  3.6948E+01  3.6948E+01  3.6948E+01  3.6948E+01  3.6948E+01  3.6948E+01  3.6948E+01  3.6948E+01  3.6948E+01  3.6948E+01  3.6948E+01
  24911   4  6.9367E+02  6.9367E+02  6.9367E+02  6.9367E+02  6.9367E+02  6.9367E+02  6.9367E+02  6.9367E+02  6.9367E+02  6.9367E+02  6.9367E+02  6.9367E+02  6.9367E+02  6.9367E+02  6.9367E+02  6.9367E+02  6.9367E+02  6.9367E+02  6.9367E+02  6.9367E+02  6.9367E+02  6.9367E+02  6.9367E+02  6.9367E+02
  24906   3  6.9325E-04  6.9325E-04  6.9325E-04  6.9325E-04  6.9325E-04  6.9325E-04  6.9325E-04  6.9325E-04  6.9325E-04  6.9325E-04  6.9325E-04  6.9325E-04  6.9325E-04  6.9325E-04  6.9325E-04  6.9325E-04  6.9325E-04  6.9325E-04  6.9325E-04  6.9325E-04  6.9325E-04  6.9325E-04  6.9325E-04  6.9325E-04
  24201   3  3.0370E+03  2.9920E+03  2.8251E+03  2.5490E+03  2.2601E+03  1.9105E+03  1.7690E+03  1.6982E+03  1.6746E+03  1.7218E+03  1.8633E+03  2.0873E+03  2.3763E+03  2.5532E+03  2.6947E+03  2.8185E+03  2.8657E+03  2.9128E+03  2.9305E+03  2.9542E+03  2.9482E+03  2.9305E+03  2.8834E+03  2.8126E+03
  24904   3  7.3781E+03  7.3781E+03  7.3781E+03  7.3781E+03  7.3781E+03  4.8716E+03  4.8716E+03  4.8716E+03  4.8716E+03  4.8716E+03  4.8716E+03  4.8716E+03  4.8716E+03  7.9018E+03  7.9018E+03  7.9018E+03  7.9018E+03  7.9018E+03  7.9018E+03  7.9018E+03  7.9018E+03  7.3781E+03  7.3781E+03  7.3781E+03
  25257   3  3.8050E+02  3.8050E+02  3.8050E+02  3.8050E+02  3.8050E+02  3.8050E+02  3.8050E+02  3.8050E+02  3.8050E+02  3.8050E+02  3.8050E+02  3.8050E+02  3.8050E+02  3.8050E+02  3.8050E+02  3.8050E+02  3.8050E+02  3.8050E+02  3.8050E+02  3.8050E+02  3.8050E+02  3.8050E+02  3.8050E+02  3.8050E+02
  23850   3  1.2014E+03  1.2014E+03  1.2014E+03  1.2014E+03  1.2014E+03  1.2014E+03  1.2014E+03  1.2014E+03  1.2014E+03  1.2014E+03  1.2014E+03  1.2014E+03  1.2014E+03  1.2014E+03  1.2014E+03  1.2014E+03  1.2014E+03  1.2014E+03  1.2014E+03  1.2014E+03  1.2014E+03  1.2014E+03  1.2014E+03  1.2014E+03
  25616   3  9.1160E+01  9.1160E+01  9.1160E+01  9.1160E+01  9.1160E+01  9.1160E+01  9.1160E+01  9.1160E+01  9.1160E+01  9.1160E+01  9.1160E+01  9.1160E+01  9.1160E+01  9.1160E+01  9.1160E+01  9.1160E+01  9.1160E+01  9.1160E+01  9.1160E+01  9.1160E+01  9.1160E+01  9.1160E+01  9.1160E+01  9.1160E+01
  27883   4  1.2761E+01  1.2572E+01  1.1871E+01  1.0711E+01  9.4965E+00  8.0276E+00  7.4329E+00  7.1356E+00  7.0365E+00  7.2347E+00  7.8293E+00  8.7708E+00  9.9849E+00  1.0728E+01  1.1323E+01  1.1843E+01  1.2041E+01  1.2240E+01  1.2314E+01  1.2413E+01  1.2388E+01  1.2314E+01  1.2116E+01  1.1818E+01
  18690   4  6.3278E+00  6.2342E+00  5.8864E+00  5.3111E+00  4.7091E+00  3.9807E+00  3.6858E+00  3.5384E+00  3.4892E+00  3.5875E+00  3.8824E+00  4.3492E+00  4.9513E+00  5.3198E+00  5.6147E+00  5.8727E+00  5.9710E+00  6.0693E+00  6.1061E+00  6.1553E+00  6.1430E+00  6.1061E+00  6.0079E+00  5.8604E+00
  30002   3  8.4145E+00  8.2900E+00  7.8275E+00  7.0625E+00  6.2620E+00  5.2933E+00  4.9012E+00  4.7052E+00  4.6398E+00  4.7705E+00  5.1626E+00  5.7835E+00  6.5840E+00  7.0741E+00  7.4662E+00  7.8093E+00  7.9400E+00  8.0707E+00  8.1197E+00  8.1851E+00  8.1687E+00  8.1197E+00  7.9890E+00  7.7930E+00
  30355   4  3.4148E+03  3.3642E+03  3.1765E+03  2.8661E+03  2.5412E+03  2.1481E+03  1.9890E+03  1.9095E+03  1.8829E+03  1.9360E+03  2.0951E+03  2.3471E+03  2.6719E+03  2.8708E+03  3.0300E+03  3.1692E+03  3.2222E+03  3.2752E+03  3.2952E+03  3.3217E+03  3.3150E+03  3.2952E+03  3.2421E+03  3.1626E+03
  29995   4  3.3047E-01  3.2558E-01  3.0741E-01  2.7737E-01  2.4593E-01  2.0789E-01  1.9249E-01  1.8479E-01  1.8222E-01  1.8736E-01  2.0276E-01  2.2714E-01  2.5858E-01  2.7783E-01  2.9323E-01  3.0670E-01  3.1183E-01  3.1697E-01  3.1889E-01  3.2146E-01  3.2082E-01  3.1889E-01  3.1376E-01  3.0606E-01
  31274   4  3.6708E+03  3.6708E+03  3.6708E+03  3.6708E+03  3.6708E+03  3.6708E+03  3.6708E+03  3.6708E+03  3.6708E+03  3.6708E+03  3.6708E+03  3.6708E+03  3.6708E+03  3.6708E+03  3.6708E+03  3.6708E+03  3.6708E+03  3.6708E+03  3.6708E+03  3.6708E+03  3.6708E+03  3.6708E+03  3.6708E+03  3.6708E+03
  30921   4  1.8422E+02  1.8422E+02  1.8422E+02  1.8422E+02  1.8422E+02  1.8422E+02  1.8422E+02  1.8422E+02  1.8422E+02  1.8422E+02  1.8422E+02  1.8422E+02  1.8422E+02  1.8422E+02  1.8422E+02  1.8422E+02  1.8422E+02  1.8422E+02  1.8422E+02  1.8422E+02  1.8422E+02  1.8422E+02  1.8422E+02  1.8422E+02
  37257   3  1.1271E+01  1.1271E+01  1.1271E+01  1.1271E+01  1.1271E+01  1.1271E+01  1.1271E+01  1.1271E+01  1.1271E+01  1.1271E+01  1.1271E+01  1.1271E+01  1.1271E+01  1.1271E+01  1.1271E+01  1.1271E+01  1.1271E+01  1.1271E+01  1.1271E+01  1.1271E+01  1.1271E+01  1.1271E+01  1.1271E+01  1.1271E+01
  31605   3  8.9848E+03  8.9848E+03  8.9848E+03  8.9848E+03  8.9848E+03  3.6083E+03  3.6083E+03  3.6083E+03  3.6083E+03  3.6083E+03  3.6083E+03  3.6083E+03  3.6083E+03  9.9923E+03  9.9923E+03  9.9923E+03  9.9923E+03  9.9923E+03  9.9923E+03  9.9923E+03  9.9923E+03  8.9848E+03  8.9848E+03  8.9848E+03
  31252   3  5.9046E+02  5.9046E+02  5.9046E+02  5.9046E+02  5.9046E+02  5.9046E+02  5.9046E+02  5.9046E+02  5.9046E+02  5.9046E+02  5.9046E+02  5.9046E+02  5.9046E+02  5.9046E+02  5.9046E+02  5.9046E+02  5.9046E+02  5.9046E+02  5.9046E+02  5.9046E+02  5.9046E+02  5.9046E+02  5.9046E+02  5.9046E+02
  31958   4  2.0939E+02  2.0939E+02  2.0939E+02  2.0939E+02  2.0939E+02  2.0939E+02  2.0939E+02  2.0939E+02  2.0939E+02  2.0939E+02  2.0939E+02  2.0939E+02  2.0939E+02  1.3725E+03  1.3725E+03  1.3725E+03  1.3725E+03  1.3725E+03  1.3725E+03  1.3725E+03  1.3725E+03  2.0939E+02  2.0939E+02  2.0939E+02
  31959   4  7.7939E+00  7.7939E+00  7.7939E+00  7.7939E+00  7.7939E+00  7.3911E+00  7.3911E+00  7.3911E+00  7.3911E+00  7.3911E+00  7.3911E+00  7.3911E+00  7.3911E+00  7.7939E+00  7.7939E+00  7.7939E+00  7.7939E+00  7.7939E+00  7.7939E+00  7.7939E+00  7.7939E+00  7.7939E+00  7.7939E+00  7.7939E+00
  30924   4  2.1156E+03  2.1156E+03  2.1156E+03  2.1156E+03  2.1156E+03  2.1156E+03  2.1156E+03  2.1156E+03  2.1156E+03  2.1156E+03  2.1156E+03  2.1156E+03  2.1156E+03  2.1156E+03  2.1156E+03  2.1156E+03  2.1156E+03  2.1156E+03  2.1156E+03  2.1156E+03  2.1156E+03  2.1156E+03  2.1156E+03  2.1156E+03
  30193   4  5.0690E+04  4.9939E+04  4.7153E+04  4.2545E+04  3.7723E+04  3.1887E+04  2.9526E+04  2.8345E+04  2.7951E+04  2.8738E+04  3.1100E+04  3.4840E+04  3.9662E+04  4.2615E+04  4.4977E+04  4.7044E+04  4.7831E+04  4.8619E+04  4.8914E+04  4.9307E+04  4.9209E+04  4.8914E+04  4.8127E+04  4.6945E+04
  47753   4  2.5638E+03  2.5638E+03  2.5638E+03  2.5638E+03  2.5638E+03  2.5638E+03  2.5638E+03  2.5638E+03  2.5638E+03  2.5638E+03  2.5638E+03  2.5638E+03  2.5638E+03  2.5638E+03  2.5638E+03  2.5638E+03  2.5638E+03  2.5638E+03  2.5638E+03  2.5638E+03  2.5638E+03  2.5638E+03  2.5638E+03  2.5638E+03
  48458   4  2.5291E+04  2.4917E+04  2.3527E+04  2.1228E+04  1.8821E+04  1.5910E+04  1.4732E+04  1.4142E+04  1.3946E+04  1.4339E+04  1.5517E+04  1.7383E+04  1.9789E+04  2.1262E+04  2.2441E+04  2.3472E+04  2.3865E+04  2.4258E+04  2.4405E+04  2.4602E+04  2.4552E+04  2.4405E+04  2.4012E+04  2.3423E+04
  47047   4  5.7735E+00  5.7735E+00  5.7735E+00  5.7735E+00  5.7735E+00  5.7735E+00  5.7735E+00  5.7735E+00  5.7735E+00  5.7735E+00  5.7735E+00  5.7735E+00  5.7735E+00  5.7735E+00  5.7735E+00  5.7735E+00  5.7735E+00  5.7735E+00  5.7735E+00  5.7735E+00  5.7735E+00  5.7735E+00  5.7735E+00  5.7735E+00
  43182   4  7.0100E+01  7.0100E+01  7.0100E+01  7.0100E+01  7.0100E+01  7.0028E+01  7.0028E+01  7.0028E+01  7.0028E+01  7.0028E+01  7.0028E+01  7.0028E+01  7.0028E+01  4.4664E+02  4.4664E+02  4.4664E+02  4.4664E+02  4.4664E+02  4.4664E+02  4.4664E+02  4.4664E+02  7.0100E+01  7.0100E+01  7.0100E+01
  36485   4  3.9674E+03  3.9674E+03  3.9674E+03  3.9674E+03  3.9674E+03  3.7588E+03  3.7588E+03  3.7588E+03  3.7588E+03  3.7588E+03  3.7588E+03  3.7588E+03  3.7588E+03  4.1355E+03  4.1355E+03  4.1355E+03  4.1355E+03  4.1355E+03  4.1355E+03  4.1355E+03  4.1355E+03  3.9674E+03  3.9674E+03  3.9674E+03
  37192   3  4.9580E+04  4.8846E+04  4.6121E+04  4.1614E+04  3.6897E+04  3.1189E+04  2.8879E+04  2.7724E+04  2.7339E+04  2.8109E+04  3.0419E+04  3.4077E+04  3.8794E+04  4.1682E+04  4.3992E+04  4.6014E+04  4.6784E+04  4.7554E+04  4.7843E+04  4.8228E+04  4.8132E+04  4.7843E+04  4.7073E+04  4.5918E+04
  46351   3  5.6353E-01  5.6353E-01  5.6353E-01  5.6353E-01  5.6353E-01  5.6353E-01  5.6353E-01  5.6353E-01  5.6353E-01  5.6353E-01  5.6353E-01  5.6353E-01  5.6353E-01  5.6353E-01  5.6353E-01  5.6353E-01  5.6353E-01  5.6353E-01  5.6353E-01  5.6353E-01  5.6353E-01  5.6353E-01  5.6353E-01  5.6353E-01
  15453   3  5.6023E+02  5.6023E+02  5.6023E+02  5.6023E+02  5.6023E+02  5.6023E+02  5.6023E+02  5.6023E+02  5.6023E+02  5.6023E+02  5.6023E+02  5.6023E+02  5.6023E+02  5.6023E+02  5.6023E+02  5.6023E+02  5.6023E+02  5.6023E+02  5.6023E+02  5.6023E+02  5.6023E+02  5.6023E+02  5.6023E+02  5.6023E+02
  15098   3  2.5412E+01  2.5412E+01  2.5412E+01  2.5412E+01  2.5412E+01  2.5412E+01  2.5412E+01  2.5412E+01  2.5412E+01  2.5412E+01  2.5412E+01  2.5412E+01  2.5412E+01  2.5412E+01  2.5412E+01  2.5412E+01  2.5412E+01  2.5412E+01  2.5412E+01  2.5412E+01  2.5412E+01  2.5412E+01  2.5412E+01  2.5412E+01
  15450   3  1.2811E+02  1.2811E+02  1.2811E+02  1.2811E+02  1.2811E+02  1.2811E+02  1.2811E+02  1.2811E+02  1.2811E+02  1.2811E+02  1.2811E+02  1.2811E+02  1.2811E+02  1.2811E+02  1.2811E+02  1.2811E+02  1.2811E+02  1.2811E+02  1.2811E+02  1.2811E+02  1.2811E+02  1.2811E+02  1.2811E+02  1.2811E+02
  15808   3  1.1876E+02  1.1876E+02  1.1876E+02  1.1876E+02  1.1876E+02  1.1876E+02  1.1876E+02  1.1876E+02  1.1876E+02  1.1876E+02  1.1876E+02  1.1876E+02  1.1876E+02  1.1876E+02  1.1876E+02  1.1876E+02  1.1876E+02  1.1876E+02  1.1876E+02  1.1876E+02  1.1876E+02  1.1876E+02  1.1876E+02  1.1876E+02
  16524   3  9.0539E+01  9.0539E+01  9.0539E+01  9.0539E+01  9.0539E+01  9.0539E+01  9.0539E+01  9.0539E+01  9.0539E+01  9.0539E+01  9.0539E+01  9.0539E+01  9.0539E+01  9.0539E+01  9.0539E+01  9.0539E+01  9.0539E+01  9.0539E+01  9.0539E+01  9.0539E+01  9.0539E+01  9.0539E+01  9.0539E+01  9.0539E+01
  14756   3  1.5936E+05  1.5936E+05  1.5936E+05  1.5936E+05  1.5936E+05  1.5924E+05  1.5924E+05  1.5924E+05  1.5924E+05  1.5924E+05  1.5924E+05  1.5924E+05  1.5924E+05  1.5936E+05  1.5936E+05  1.5936E+05  1.5936E+05  1.5936E+05  1.5936E+05  1.5936E+05  1.5936E+05  1.5936E+05  1.5936E+05  1.5936E+05
  15810   1  1.7761E+02  1.7761E+02  1.7761E+02  1.7761E+02  1.7761E+02  1.7761E+02  1.7761E+02  1.7761E+02  1.7761E+02  1.7761E+02  1.7761E+02  1.7761E+02  1.7761E+02  1.7761E+02  1.7761E+02  1.7761E+02  1.7761E+02  1.7761E+02  1.7761E+02  1.7761E+02  1.7761E+02  1.7761E+02  1.7761E+02  1.7761E+02
  16516   3  2.3736E+00  2.3736E+00  2.3736E+00  2.3736E+00  2.3736E+00  2.3736E+00  2.3736E+00  2.3736E+00  2.3736E+00  2.3736E+00  2.3736E+00  2.3736E+00  2.3736E+00  2.3736E+00  2.3736E+00  2.3736E+00  2.3736E+00  2.3736E+00  2.3736E+00  2.3736E+00  2.3736E+00  2.3736E+00  2.3736E+00  2.3736E+00
  16161   4  2.5783E+00  2.5783E+00  2.5783E+00  2.5783E+00  2.5783E+00  2.5783E+00  2.5783E+00  2.5783E+00  2.5783E+00  2.5783E+00  2.5783E+00  2.5783E+00  2.5783E+00  2.5783E+00  2.5783E+00  2.5783E+00  2.5783E+00  2.5783E+00  2.5783E+00  2.5783E+00  2.5783E+00  2.5783E+00  2.5783E+00  2.5783E+00
  16162   3  3.3337E+01  3.3337E+01  3.3337E+01  3.3337E+01  3.3337E+01  3.3337E+01  3.3337E+01  3.3337E+01  3.3337E+01  3.3337E+01  3.3337E+01  3.3337E+01  3.3337E+01  3.3337E+01  3.3337E+01  3.3337E+01  3.3337E+01  3.3337E+01  3.3337E+01  3.3337E+01  3.3337E+01  3.3337E+01  3.3337E+01  3.3337E+01
  15105   3  1.5502E+05  1.5502E+05  1.5502E+05  1.5502E+05  1.5502E+05  1.5502E+05  1.5502E+05  1.5502E+05  1.5502E+05  1.5502E+05  1.5502E+05  1.5502E+05  1.5502E+05  1.5502E+05  1.5502E+05  1.5502E+05  1.5502E+05  1.5502E+05  1.5502E+05  1.5502E+05  1.5502E+05  1.5502E+05  1.5502E+05  1.5502E+05
  15104   4  7.1033E+01  7.1033E+01  7.1033E+01  7.1033E+01  7.1033E+01  7.1033E+01  7.1033E+01  7.1033E+01  7.1033E+01  7.1033E+01  7.1033E+01  7.1033E+01  7.1033E+01  7.1033E+01  7.1033E+01  7.1033E+01  7.1033E+01  7.1033E+01  7.1033E+01  7.1033E+01  7.1033E+01  7.1033E+01  7.1033E+01  7.1033E+01
  13688   4  4.0160E+02  4.0160E+02  4.0160E+02  4.0160E+02  4.0160E+02  4.0160E+02  4.0160E+02  4.0160E+02  4.0160E+02  4.0160E+02  4.0160E+02  4.0160E+02  4.0160E+02  4.0160E+02  4.0160E+02  4.0160E+02  4.0160E+02  4.0160E+02  4.0160E+02  4.0160E+02  4.0160E+02  4.0160E+02  4.0160E+02  4.0160E+02
  14743   4  7.4835E+00  7.4835E+00  7.4835E+00  7.4835E+00  7.4835E+00  7.4835E+00  7.4835E+00  7.4835E+00  7.4835E+00  7.4835E+00  7.4835E+00  7.4835E+00  7.4835E+00  7.4835E+00  7.4835E+00  7.4835E+00  7.4835E+00  7.4835E+00  7.4835E+00  7.4835E+00  7.4835E+00  7.4835E+00  7.4835E+00  7.4835E+00
  15813   4  3.8646E+00  3.8646E+00  3.8646E+00  3.8646E+00  3.8646E+00  3.8646E+00  3.8646E+00  3.8646E+00  3.8646E+00  3.8646E+00  3.8646E+00  3.8646E+00  3.8646E+00  3.8646E+00  3.8646E+00  3.8646E+00  3.8646E+00  3.8646E+00  3.8646E+00  3.8646E+00  3.8646E+00  3.8646E+00  3.8646E+00  3.8646E+00
  14763   1  4.3519E+04  4.3519E+04  4.3519E+04  4.3519E+04  4.3519E+04  4.3519E+04  4.3519E+04  4.3519E+04  4.3519E+04  4.3519E+04  4.3519E+04  4.3519E+04  4.3519E+04  4.3519E+04  4.3519E+04  4.3519E+04  4.3519E+04  4.3519E+04  4.3519E+04  4.3519E+04  4.3519E+04  4.3519E+04  4.3519E+04  4.3519E+04
  19635   3  5.7907E+01  5.7907E+01  5.7907E+01  5.7907E+01  5.7907E+01  2.5712E+01  2.5712E+01  2.5712E+01  2.5712E+01  2.5712E+01  2.5712E+01  2.5712E+01  2.5712E+01  5.7907E+01  5.7907E+01  5.7907E+01  5.7907E+01  5.7907E+01  5.7907E+01  5.7907E+01  5.7907E+01  5.7907E+01  5.7907E+01  5.7907E+01
  20337   2  1.4746E+03  1.4746E+03  1.4746E+03  1.4746E+03  1.4746E+03  1.4746E+03  1.4746E+03  1.4746E+03  1.4746E+03  1.4746E+03  1.4746E+03  1.4746E+03  1.4746E+03  1.4746E+03  1.4746E+03  1.4746E+03  1.4746E+03  1.4746E+03  1.4746E+03  1.4746E+03  1.4746E+03  1.4746E+03  1.4746E+03  1.4746E+03
  19283   1  4.3088E+01  4.3088E+01  4.3088E+01  4.3088E+01  4.3088E+01  4.3088E+01  4.3088E+01  4.3088E+01  4.3088E+01  4.3088E+01  4.3088E+01  4.3088E+01  4.3088E+01  4.3088E+01  4.3088E+01  4.3088E+01  4.3088E+01  4.3088E+01  4.3088E+01  4.3088E+01  4.3088E+01  4.3088E+01  4.3088E+01  4.3088E+01
  19638   1  1.4232E-02  1.4232E-02  1.4232E-02  1.4232E-02  1.4232E-02  1.4232E-02  1.4232E-02  1.4232E-02  1.4232E-02  1.4232E-02  1.4232E-02  1.4232E-02  1.4232E-02  1.4232E-02  1.4232E-02  1.4232E-02  1.4232E-02  1.4232E-02  1.4232E-02  1.4232E-02  1.4232E-02  1.4232E-02  1.4232E-02  1.4232E-02
  19633   2  2.1546E+02  2.1546E+02  2.1546E+02  2.1546E+02  2.1546E+02  1.5263E+01  1.5263E+01  1.5263E+01  1.5263E+01  1.5263E+01  1.5263E+01  1.5263E+01  2.1546E+02  2.1546E+02  2.1546E+02  2.1546E+02  2.1546E+02  2.1546E+02  2.1546E+02  2.1546E+02  2.1546E+02  2.1546E+02  2.1546E+02  2.1546E+02
  20343   1  6.2827E+01  6.2827E+01  6.2827E+01  6.2827E+01  6.2827E+01  6.2827E+01  6.2827E+01  6.2827E+01  6.2827E+01  6.2827E+01  6.2827E+01  6.2827E+01  6.2827E+01  6.5948E+01  6.5948E+01  6.5948E+01  6.5948E+01  6.5948E+01  6.5948E+01  6.5948E+01  6.5948E+01  6.2827E+01  6.2827E+01  6.2827E+01
  19282   1  7.2819E+02  7.2819E+02  7.2819E+02  7.2819E+02  7.2819E+02  1.4924E+01  1.4924E+01  1.4924E+01  1.4924E+01  1.4924E+01  1.4924E+01  1.4924E+01  1.4924E+01  7.2819E+02  7.2819E+02  7.2819E+02  7.2819E+02  7.2819E+02  7.2819E+02  7.2819E+02  7.2819E+02  7.2819E+02  7.2819E+02  7.2819E+02
  19990   3  6.7051E+01  6.7051E+01  6.7051E+01  6.7051E+01  6.7051E+01  6.7051E+01  6.7051E+01  6.7051E+01  6.7051E+01  6.7051E+01  6.7051E+01  6.7051E+01  6.7051E+01  6.7051E+01  6.7051E+01  6.7051E+01  6.7051E+01  6.7051E+01  6.7051E+01  6.7051E+01  6.7051E+01  6.7051E+01  6.7051E+01  6.7051E+01
  18929   1  4.4029E+03  4.4029E+03  4.4029E+03  4.4029E+03  4.4029E+03  4.4029E+03  4.4029E+03  4.4029E+03  4.4029E+03  4.4029E+03  4.4029E+03  4.4029E+03  4.4029E+03  4.4104E+03  4.4104E+03  4.4104E+03  4.4104E+03  4.4104E+03  4.4104E+03  4.4104E+03  4.4104E+03  4.4029E+03  4.4029E+03  4.4029E+03
  19281   1  1.5413E+01  1.5413E+01  1.5413E+01  1.5413E+01  1.5413E+01  1.5413E+01  1.5413E+01  1.5413E+01  1.5413E+01  1.5413E+01  1.5413E+01  1.5413E+01  1.5413E+01  1.5413E+01  1.5413E+01  1.5413E+01  1.5413E+01  1.5413E+01  1.5413E+01  1.5413E+01  1.5413E+01  1.5413E+01  1.5413E+01  1.5413E+01
  19637   1  6.8017E+00  6.8017E+00  6.8017E+00  6.8017E+00  6.8017E+00  6.8017E+00  6.8017E+00  6.8017E+00  6.8017E+00  6.8017E+00  6.8017E+00  6.8017E+00  6.8017E+00  6.8017E+00  6.8017E+00  6.8017E+00  6.8017E+00  6.8017E+00  6.8017E+00  6.8017E+00  6.8017E+00  6.8017E+00  6.8017E+00  6.8017E+00
  17533   1  2.4204E+01  2.4204E+01  2.4204E+01  2.4204E+01  2.4204E+01  2.4204E+01  2.4204E+01  2.4204E+01  2.4204E+01  2.4204E+01  2.4204E+01  2.4204E+01  2.4204E+01  2.4204E+01  2.4204E+01  2.4204E+01  2.4204E+01  2.4204E+01  2.4204E+01  2.4204E+01  2.4204E+01  2.4204E+01  2.4204E+01  2.4204E+01
  15091   2  8.2744E+04  8.2744E+04  8.2744E+04  8.2744E+04  8.2744E+04  8.2598E+04  8.2598E+04  8.2598E+04  8.2598E+04  8.2598E+04  8.2598E+04  8.2598E+04  8.2598E+04  8.2744E+04  8.2744E+04  8.2744E+04  8.2744E+04  8.2744E+04  8.2744E+04  8.2744E+04  8.2744E+04  8.2744E+04  8.2744E+04  8.2744E+04
  15092   3  5.9176E+04  5.9176E+04  5.9176E+04  5.9176E+04  5.9176E+04  5.9176E+04  5.9176E+04  5.9176E+04  5.9176E+04  5.9176E+04  5.9176E+04  5.9176E+04  5.9176E+04  5.9176E+04  5.9176E+04  5.9176E+04  5.9176E+04  5.9176E+04  5.9176E+04  5.9176E+04  5.9176E+04  5.9176E+04  5.9176E+04  5.9176E+04
  14738   1  2.1816E+02  2.1816E+02  2.1816E+02  2.1816E+02  2.1816E+02  2.1816E+02  2.1816E+02  2.1816E+02  2.1816E+02  2.1816E+02  2.1816E+02  2.1816E+02  2.1816E+02  2.1816E+02  2.1816E+02  2.1816E+02  2.1816E+02  2.1816E+02  2.1816E+02  2.1816E+02  2.1816E+02  2.1816E+02  2.1816E+02  2.1816E+02
  18238   4  7.4670E+01  7.4670E+01  7.4670E+01  7.4670E+01  7.4670E+01  7.4670E+01  7.4670E+01  7.4670E+01  7.4670E+01  7.4670E+01  7.4670E+01  7.4670E+01  7.4670E+01  7.4670E+01  7.4670E+01  7.4670E+01  7.4670E+01  7.4670E+01  7.4670E+01  7.4670E+01  7.4670E+01  7.4670E+01  7.4670E+01  7.4670E+01
  14383   4  2.7006E+03  2.7006E+03  2.7006E+03  2.7006E+03  2.7006E+03  2.7006E+03  2.7006E+03  2.7006E+03  2.7006E+03  2.7006E+03  2.7006E+03  2.7006E+03  2.7006E+03  2.7006E+03  2.7006E+03  2.7006E+03  2.7006E+03  2.7006E+03  2.7006E+03  2.7006E+03  2.7006E+03  2.7006E+03  2.7006E+03  2.7006E+03
  17892   3  1.3426E+02  1.3426E+02  1.3426E+02  1.3426E+02  1.3426E+02  1.3426E+02  1.3426E+02  1.3426E+02  1.3426E+02  1.3426E+02  1.3426E+02  1.3426E+02  1.3426E+02  1.3426E+02  1.3426E+02  1.3426E+02  1.3426E+02  1.3426E+02  1.3426E+02  1.3426E+02  1.3426E+02  1.3426E+02  1.3426E+02  1.3426E+02
  14735   4  2.9437E+02  2.9437E+02  2.9437E+02  2.9437E+02  2.9437E+02  2.8122E+02  2.8122E+02  2.8122E+02  2.8122E+02  2.8122E+02  2.8122E+02  2.8122E+02  2.8122E+02  2.9437E+02  2.9437E+02  2.9437E+02  2.9437E+02  2.9437E+02  2.9437E+02  2.9437E+02  2.9437E+02  2.9437E+02  2.9437E+02  2.9437E+02
  17884   4  6.9335E-02  6.9335E-02  6.9335E-02  6.9335E-02  6.9335E-02  6.9335E-02  6.9335E-02  6.9335E-02  6.9335E-02  6.9335E-02  6.9335E-02  6.9335E-02  6.9335E-02  6.9335E-02  6.9335E-02  6.9335E-02  6.9335E-02  6.9335E-02  6.9335E-02  6.9335E-02  6.9335E-02  6.9335E-02  6.9335E-02  6.9335E-02
  18944   3  2.4289E+01  2.4289E+01  2.4289E+01  2.4289E+01  2.4289E+01  2.4289E+01  2.4289E+01  2.4289E+01  2.4289E+01  2.4289E+01  2.4289E+01  2.4289E+01  2.4289E+01  2.4289E+01  2.4289E+01  2.4289E+01  2.4289E+01  2.4289E+01  2.4289E+01  2.4289E+01  2.4289E+01  2.4289E+01  2.4289E+01  2.4289E+01
  17531   4  1.0740E+05  1.0740E+05  1.0740E+05  1.0740E+05  1.0740E+05  1.0740E+05  1.0740E+05  1.0740E+05  1.0740E+05  1.0740E+05  1.0740E+05  1.0740E+05  1.0740E+05  1.0748E+05  1.0748E+05  1.0748E+05  1.0748E+05  1.0748E+05  1.0748E+05  1.0748E+05  1.0748E+05  1.0740E+05  1.0740E+05  1.0740E+05
  21411   4  9.6697E-01  9.6697E-01  9.6697E-01  9.6697E-01  9.6697E-01  9.6697E-01  9.6697E-01  9.6697E-01  9.6697E-01  9.6697E-01  9.6697E-01  9.6697E-01  9.6697E-01  9.6697E-01  9.6697E-01  9.6697E-01  9.6697E-01  9.6697E-01  9.6697E-01  9.6697E-01  9.6697E-01  9.6697E-01  9.6697E-01  9.6697E-01
  20709   3  3.9516E+02  3.9516E+02  3.9516E+02  3.9516E+02  3.9516E+02  3.9516E+02  3.9516E+02  3.9516E+02  3.9516E+02  3.9516E+02  3.9516E+02  3.9516E+02  3.9516E+02  3.9516E+02  3.9516E+02  3.9516E+02  3.9516E+02  3.9516E+02  3.9516E+02  3.9516E+02  3.9516E+02  3.9516E+02  3.9516E+02  3.9516E+02
  18247   3  1.9140E+04  1.8857E+04  1.7805E+04  1.6065E+04  1.4244E+04  1.2041E+04  1.1149E+04  1.0703E+04  1.0554E+04  1.0851E+04  1.1744E+04  1.3155E+04  1.4976E+04  1.6092E+04  1.6983E+04  1.7764E+04  1.8061E+04  1.8359E+04  1.8470E+04  1.8618E+04  1.8581E+04  1.8470E+04  1.8173E+04  1.7727E+04
  12621   3  3.5400E+04  3.5400E+04  3.5400E+04  3.5400E+04  3.5400E+04  3.5400E+04  3.5400E+04  3.5400E+04  3.5400E+04  3.5400E+04  3.5400E+04  3.5400E+04  3.5400E+04  3.5400E+04  3.5400E+04  3.5400E+04  3.5400E+04  3.5400E+04  3.5400E+04  3.5400E+04  3.5400E+04  3.5400E+04  3.5400E+04  3.5400E+04
  17530   3  9.2450E+02  9.2450E+02  9.2450E+02  9.2450E+02  9.2450E+02  9.2277E+02  9.2277E+02  9.2277E+02  9.2277E+02  9.2277E+02  9.2277E+02  9.2277E+02  9.2277E+02  9.2450E+02  9.2450E+02  9.2450E+02  9.2450E+02  9.2450E+02  9.2450E+02  9.2450E+02  9.2450E+02  9.2450E+02  9.2450E+02  9.2450E+02
  32694   3  8.5230E+02  8.5230E+02  8.5230E+02  8.5230E+02  8.5230E+02  8.5230E+02  8.5230E+02  8.5230E+02  8.5230E+02  8.5230E+02  8.5230E+02  8.5230E+02  8.5230E+02  8.5230E+02  8.5230E+02  8.5230E+02  8.5230E+02  8.5230E+02  8.5230E+02  8.5230E+02  8.5230E+02  8.5230E+02  8.5230E+02  8.5230E+02
  20352   2  1.0571E+02  1.0571E+02  1.0571E+02  1.0571E+02  1.0571E+02  1.0571E+02  1.0571E+02  1.0571E+02  1.0571E+02  1.0571E+02  1.0571E+02  1.0571E+02  1.0571E+02  1.0571E+02  1.0571E+02  1.0571E+02  1.0571E+02  1.0571E+02  1.0571E+02  1.0571E+02  1.0571E+02  1.0571E+02  1.0571E+02  1.0571E+02
  24938   2  4.6638E+04  4.6638E+04  4.6638E+04  4.6638E+04  4.6638E+04  4.6638E+04  4.6638E+04  4.6638E+04  4.6638E+04  4.6638E+04  4.6638E+04  4.6638E+04  4.6638E+04  4.6638E+04  4.6638E+04  4.6638E+04  4.6638E+04  4.6638E+04  4.6638E+04  4.6638E+04  4.6638E+04  4.6638E+04  4.6638E+04  4.6638E+04
  26700   7  1.1059E+00  1.1059E+00  1.1059E+00  1.1059E+00  1.1059E+00  1.1059E+00  1.1059E+00  1.1059E+00  1.1059E+00  1.1059E+00  1.1059E+00  1.1059E+00  1.1059E+00  1.1059E+00  1.1059E+00  1.1059E+00  1.1059E+00  1.1059E+00  1.1059E+00  1.1059E+00  1.1059E+00  1.1059E+00  1.1059E+00  1.1059E+00
  25290   2  6.7670E+03  6.6668E+03  6.2949E+03  5.6796E+03  5.0359E+03  4.2569E+03  3.9416E+03  3.7839E+03  3.7313E+03  3.8365E+03  4.1518E+03  4.6511E+03  5.2948E+03  5.6890E+03  6.0043E+03  6.2802E+03  6.3854E+03  6.4905E+03  6.5299E+03  6.5825E+03  6.5693E+03  6.5299E+03  6.4247E+03  6.2671E+03
  26704   2  1.8490E+05  1.8216E+05  1.7200E+05  1.5520E+05  1.3762E+05  1.1635E+05  1.0774E+05  1.0343E+05  1.0200E+05  1.0487E+05  1.1348E+05  1.2711E+05  1.4470E+05  1.5546E+05  1.6407E+05  1.7160E+05  1.7448E+05  1.7735E+05  1.7842E+05  1.7986E+05  1.7950E+05  1.7842E+05  1.7555E+05  1.7125E+05
  19305   4  1.5462E+03  1.5462E+03  1.5462E+03  1.5462E+03  1.5462E+03  1.5462E+03  1.5462E+03  1.5462E+03  1.5462E+03  1.5462E+03  1.5462E+03  1.5462E+03  1.5462E+03  1.7855E+03  1.7855E+03  1.7855E+03  1.7855E+03  1.7855E+03  1.7855E+03  1.7855E+03  1.7855E+03  1.5462E+03  1.5462E+03  1.5462E+03
  19306   3  8.3837E+00  8.3837E+00  8.3837E+00  8.3837E+00  8.3837E+00  1.1784E-02  1.1784E-02  1.1784E-02  1.1784E-02  1.1784E-02  1.1784E-02  1.1784E-02  1.1784E-02  8.3837E+00  8.3837E+00  8.3837E+00  8.3837E+00  8.3837E+00  8.3837E+00  8.3837E+00  8.3837E+00  8.3837E+00  8.3837E+00  8.3837E+00
  15423   3  3.6444E+03  3.6444E+03  3.6444E+03  3.6444E+03  3.6444E+03  3.6444E+03  3.6444E+03  3.6444E+03  3.6444E+03  3.6444E+03  3.6444E+03  3.6444E+03  3.6444E+03  3.6444E+03  3.6444E+03  3.6444E+03  3.6444E+03  3.6444E+03  3.6444E+03  3.6444E+03  3.6444E+03  3.6444E+03  3.6444E+03  3.6444E+03
  28558   3  6.5198E+03  6.4474E+03  6.1786E+03  5.7339E+03  5.2686E+03  4.3915E+03  4.1635E+03  4.0496E+03  4.0116E+03  4.0876E+03  4.3155E+03  4.6764E+03  5.1416E+03  5.7407E+03  5.9686E+03  6.1680E+03  6.2440E+03  6.3200E+03  6.3485E+03  6.3865E+03  6.3770E+03  6.3485E+03  6.2725E+03  6.1586E+03
  28911   3  1.9852E+02  1.9852E+02  1.9852E+02  1.9852E+02  1.9852E+02  1.9852E+02  1.9852E+02  1.9852E+02  1.9852E+02  1.9852E+02  1.9852E+02  1.9852E+02  1.9852E+02  1.9852E+02  1.9852E+02  1.9852E+02  1.9852E+02  1.9852E+02  1.9852E+02  1.9852E+02  1.9852E+02  1.9852E+02  1.9852E+02  1.9852E+02
  29621   6  4.3064E+00  4.3064E+00  4.3064E+00  4.3064E+00  4.3064E+00  4.3064E+00  4.3064E+00  4.3064E+00  4.3064E+00  4.3064E+00  4.3064E+00  4.3064E+00  4.3064E+00  4.3064E+00  4.3064E+00  4.3064E+00  4.3064E+00  4.3064E+00  4.3064E+00  4.3064E+00  4.3064E+00  4.3064E+00  4.3064E+00  4.3064E+00
  29616   2  7.6582E-01  7.6582E-01  7.6582E-01  7.6582E-01  7.6582E-01  7.6582E-01  7.6582E-01  7.6582E-01  7.6582E-01  7.6582E-01  7.6582E-01  7.6582E-01  7.6582E-01  7.6582E-01  7.6582E-01  7.6582E-01  7.6582E-01  7.6582E-01  7.6582E-01  7.6582E-01  7.6582E-01  7.6582E-01  7.6582E-01  7.6582E-01
  28204   3  2.0936E+02  2.0936E+02  2.0936E+02  2.0936E+02  2.0936E+02  4.3553E+01  4.3553E+01  4.3553E+01  4.3553E+01  4.3553E+01  4.3553E+01  4.3553E+01  4.3553E+01  2.0936E+02  2.0936E+02  2.0936E+02  2.0936E+02  2.0936E+02  2.0936E+02  2.0936E+02  2.0936E+02  2.0936E+02  2.0936E+02  2.0936E+02
  28221   3  1.4603E+04  1.4387E+04  1.3584E+04  1.2256E+04  1.0867E+04  9.1861E+03  8.5056E+03  8.1654E+03  8.0520E+03  8.2788E+03  8.9593E+03  1.0037E+04  1.1426E+04  1.2276E+04  1.2957E+04  1.3552E+04  1.3779E+04  1.4006E+04  1.4091E+04  1.4204E+04  1.4176E+04  1.4091E+04  1.3864E+04  1.3524E+04
  35117   3  1.1164E+00  1.1164E+00  1.1164E+00  1.1164E+00  1.1164E+00  1.1164E+00  1.1164E+00  1.1164E+00  1.1164E+00  1.1164E+00  1.1164E+00  1.1164E+00  1.1164E+00  1.1164E+00  1.1164E+00  1.1164E+00  1.1164E+00  1.1164E+00  1.1164E+00  1.1164E+00  1.1164E+00  1.1164E+00  1.1164E+00  1.1164E+00
